#V3.30
#C North Sea/Skagerrak/Eastern Channel Cod
#
26 #_styr
100 #_endyr
1 #_nseas
12 #_months_per_seas
2 #_Nsubseasons
1 #_spawn_month
1 #_Nsexes
25 #_Nages
1 #_N_areas
2 #_Nfleets
#_fleetinfo
#_type	surveytiming	area	units	need_catch_mult	fleetname
1	-1	1	1	0	Fishery	#_1
3	 1	1	2	0	Survey 	#_2
#_Catch data
#_year	season	fleet	catch	catch_se
 -999	1	1	        0	0.010	#_1         
    1	1	1	        0	0.010	#_2         
    2	1	1	        0	0.010	#_3         
    3	1	1	        0	0.010	#_4         
    4	1	1	        0	0.010	#_5         
    5	1	1	        0	0.010	#_6         
    6	1	1	        0	0.010	#_7         
    7	1	1	        0	0.010	#_8         
    8	1	1	        0	0.010	#_9         
    9	1	1	        0	0.010	#_10        
   10	1	1	        0	0.010	#_11        
   11	1	1	        0	0.010	#_12        
   12	1	1	        0	0.010	#_13        
   13	1	1	        0	0.010	#_14        
   14	1	1	        0	0.010	#_15        
   15	1	1	        0	0.010	#_16        
   16	1	1	        0	0.010	#_17        
   17	1	1	        0	0.010	#_18        
   18	1	1	        0	0.010	#_19        
   19	1	1	        0	0.010	#_20        
   20	1	1	        0	0.010	#_21        
   21	1	1	        0	0.010	#_22        
   22	1	1	        0	0.010	#_23        
   23	1	1	        0	0.010	#_24        
   24	1	1	        0	0.010	#_25        
   25	1	1	        0	0.010	#_26        
   26	1	1	405827583	0.005	#_27        
   27	1	1	373417493	0.005	#_28        
   28	1	1	342373346	0.005	#_29        
   29	1	1	314063047	0.005	#_30        
   30	1	1	291488471	0.005	#_31        
   31	1	1	275016682	0.005	#_32        
   32	1	1	261959321	0.005	#_33        
   33	1	1	247902515	0.005	#_34        
   34	1	1	237602462	0.005	#_35        
   35	1	1	229886276	0.005	#_36        
   36	1	1	221494620	0.005	#_37        
   37	1	1	210472212	0.005	#_38        
   38	1	1	204395447	0.005	#_39        
   39	1	1	196706762	0.005	#_40        
   40	1	1	191149151	0.005	#_41        
   41	1	1	181676431	0.005	#_42        
   42	1	1	175427716	0.005	#_43        
   43	1	1	166292092	0.005	#_44        
   44	1	1	167104259	0.005	#_45        
   45	1	1	167393473	0.005	#_46        
   46	1	1	161044632	0.005	#_47        
   47	1	1	160124742	0.005	#_48        
   48	1	1	159368360	0.005	#_49        
   49	1	1	155503064	0.005	#_50        
   50	1	1	150700473	0.005	#_51        
   51	1	1	151357783	0.005	#_52        
   52	1	1	145953276	0.005	#_53        
   53	1	1	143559669	0.005	#_54        
   54	1	1	142461890	0.005	#_55        
   55	1	1	138970197	0.005	#_56        
   56	1	1	137509860	0.005	#_57        
   57	1	1	140168276	0.005	#_58        
   58	1	1	140025046	0.005	#_59        
   59	1	1	139444280	0.005	#_60        
   60	1	1	138552310	0.005	#_61        
   61	1	1	142276727	0.005	#_62        
   62	1	1	145394778	0.005	#_63        
   63	1	1	147866360	0.005	#_64        
   64	1	1	150086800	0.005	#_65        
   65	1	1	149096580	0.005	#_66        
   66	1	1	150126388	0.005	#_67        
   67	1	1	151017473	0.005	#_68        
   68	1	1	151706424	0.005	#_69        
   69	1	1	150854890	0.005	#_70        
   70	1	1	152562634	0.005	#_71        
   71	1	1	151682609	0.005	#_72        
   72	1	1	153018523	0.005	#_73        
   73	1	1	162110858	0.005	#_74        
   74	1	1	170350797	0.005	#_75        
   75	1	1	175676558	0.005	#_76        
   76	1	1	180420607	0.005	#_77        
   77	1	1	179580391	0.005	#_78        
   78	1	1	173180886	0.005	#_79        
   79	1	1	171619613	0.005	#_80        
   80	1	1	167601020	0.005	#_81        
   81	1	1	160797969	0.005	#_82        
   82	1	1	157721184	0.005	#_83        
   83	1	1	156899991	0.005	#_84        
   84	1	1	155019001	0.005	#_85        
   85	1	1	158509241	0.005	#_86        
   86	1	1	162057478	0.005	#_87        
   87	1	1	161870042	0.005	#_88        
   88	1	1	170525042	0.005	#_89        
   89	1	1	182713147	0.005	#_90        
   90	1	1	193756851	0.005	#_91        
   91	1	1	195682969	0.005	#_92        
   92	1	1	193123404	0.005	#_93        
   93	1	1	191814026	0.005	#_94        
   94	1	1	187735838	0.005	#_95        
   95	1	1	183406362	0.005	#_96        
   96	1	1	181248407	0.005	#_97        
   97	1	1	176702069	0.005	#_98        
   98	1	1	172067982	0.005	#_99        
   99	1	1	174512824	0.005	#_100       
  100	1	1	182121508	0.005	#_101       
-9999	0	0	        0	0.000	#_terminator
#_CPUE_and_surveyabundance_observations
#_Units:  0=numbers; 1=biomass; 2=F; >=30 for special types
#_Errtype:  -1=normal; 0=lognormal; >0=T
#_SD_Report: 0=no sdreport; 1=enable sdreport
#_Fleet	Units	Errtype	SD_Report
1	1	0	0	#_Fishery
2	1	0	0	#_Survey 
#
#_CPUE_data
#_year	seas	index	obs	se_log
   62	1	2	1800920382	0.1	#_1         
   64	1	2	1442880570	0.1	#_2         
   66	1	2	1478049232	0.1	#_3         
   68	1	2	1514629141	0.1	#_4         
   70	1	2	1475326736	0.1	#_5         
   72	1	2	1461697657	0.1	#_6         
   74	1	2	1667556392	0.1	#_7         
   76	1	2	1735533173	0.1	#_8         
   78	1	2	1597404222	0.1	#_9         
   80	1	2	1378991707	0.1	#_10        
   82	1	2	1465888048	0.1	#_11        
   84	1	2	1724542912	0.1	#_12        
   86	1	2	1706132878	0.1	#_13        
   88	1	2	1691019690	0.1	#_14        
   90	1	2	2185001631	0.1	#_15        
   92	1	2	1774417206	0.1	#_16        
   94	1	2	1835096702	0.1	#_17        
   96	1	2	1887196577	0.1	#_18        
   98	1	2	1514337013	0.1	#_19        
  100	1	2	1734634147	0.1	#_20        
-9999	0	0	         0	0.0	#_terminator
0 #_N_discard_fleets
#_discard_units (1=same_as_catchunits(bio/num); 2=fraction; 3=numbers)
#_discard_errtype:  >0 for DF of T-dist(read CV below); 0 for normal with CV; -1 for normal with se; -2 for lognormal
#
#_discard_fleet_info
#
#_discard_data
#
#_meanbodywt
0 #_use_meanbodywt
 #_DF_for_meanbodywt_T-distribution_like
#
#_population_length_bins
2 # length bin method: 1=use databins; 2=generate from binwidth,min,max below; 3=read vector
1 # binwidth for population size comp
10 # minimum size in the population (lower edge of first bin and size at age 0.00)
200 # maximum size in the population (lower edge of last bin)
1 #_use_lencomp
#
#_len_info
#_mintailcomp	addtocomp	combine_M_F	CompressBins	CompError	ParmSelect	minsamplesize
-1	1e-10	0	0	0	0	1	#_Fishery
-1	1e-10	0	0	0	0	1	#_Survey 
45 #_N_lbins
#_lbin_vector
20 23 26 29 32 35 38 41 44 47 50 53 56 59 62 65 68 71 74 77 80 83 86 89 92 95 98 101 104 107 110 113 116 119 122 125 128 131 134 137 140 143 146 149 152 #_lbin_vector
#
#_lencomp
#_Yr	Seas	FltSvy	Gender	Part	Nsamp	l20	l23	l26	l29	l32	l35	l38	l41	l44	l47	l50	l53	l56	l59	l62	l65	l68	l71	l74	l77	l80	l83	l86	l89	l92	l95	l98	l101	l104	l107	l110	l113	l116	l119	l122	l125	l128	l131	l134	l137	l140	l143	l146	l149	l152
   95	1	1	0	0	 50	1.02372e-45	8.65757e-09	2.54609e-09	0.0132189	5.21595e-05	2.38627e-02	2.68615e-04	 0.00696888	0.0209752	0.0461512	 0.0454447	0.00819876	 0.0311581	0.03847288	0.0592358	0.0804351	0.0134728	 0.05331963	0.0135703	0.00664153	0.00308974	0.135061	0.0171712	0.0386320	0.0242389	0.0730764	0.016173276	0.0144687	0.05258041	0.0687250	0.0449439	0.0130247	0.00582374	0.0154070	0.01138095	0.000605132	0.00064427	0.00277890	1.12793e-07	1.67418e-04	1.52057e-04	1.16782e-10	2.46473e-06	2.68784e-07	4.05101e-04	#_1         
  100	1	1	0	0	 50	1.07017e-08	1.43398e-15	6.16297e-09	0.0013832	5.59666e-03	1.30119e-05	2.49744e-04	 0.00996503	0.0209593	0.1630678	 0.0837334	0.06332938	 0.0257229	0.00226224	0.0241073	0.0739385	0.0607066	 0.00790057	0.0282097	0.02925184	0.06496127	0.125380	0.0169132	0.0327401	0.0117975	0.0470414	0.000577594	0.0406478	0.00118466	0.0126712	0.0171070	0.0107663	0.00477318	0.0025822	0.00214744	0.000467102	0.00400573	0.00112615	2.62756e-03	4.42593e-05	2.15311e-05	1.92994e-05	1.30824e-08	1.34294e-15	3.94896e-08	#_2         
   26	1	1	0	0	 50	0.00000e+00	0.00000e+00	0.00000e+00	0.0000000	0.00000e+00	0.00000e+00	0.00000e+00	 2.00000000	0.0000000	0.0000000	 2.0000000	0.00000000	 0.0000000	0.00000000	0.0000000	3.0000000	3.0000000	 1.00000000	3.0000000	2.00000000	1.00000000	2.000000	1.0000000	4.0000000	4.0000000	1.0000000	1.000000000	3.0000000	2.00000000	2.0000000	3.0000000	2.0000000	2.00000000	2.0000000	1.00000000	0.000000000	0.00000000	2.00000000	0.00000e+00	0.00000e+00	1.00000e+00	0.00000e+00	0.00000e+00	0.00000e+00	0.00000e+00	#_3         
   27	1	1	0	0	 50	0.00000e+00	0.00000e+00	0.00000e+00	1.0000000	1.00000e+00	0.00000e+00	0.00000e+00	 0.00000000	0.0000000	0.0000000	 2.0000000	1.00000000	 1.0000000	1.00000000	2.0000000	3.0000000	1.0000000	 1.00000000	4.0000000	1.00000000	2.00000000	1.000000	3.0000000	3.0000000	0.0000000	1.0000000	3.000000000	2.0000000	1.00000000	3.0000000	1.0000000	1.0000000	1.00000000	2.0000000	3.00000000	1.000000000	1.00000000	0.00000000	0.00000e+00	1.00000e+00	0.00000e+00	1.00000e+00	0.00000e+00	0.00000e+00	0.00000e+00	#_4         
   28	1	1	0	0	 50	0.00000e+00	0.00000e+00	0.00000e+00	0.0000000	0.00000e+00	0.00000e+00	0.00000e+00	 1.00000000	0.0000000	3.0000000	 2.0000000	2.00000000	 0.0000000	1.00000000	0.0000000	4.0000000	0.0000000	 2.00000000	1.0000000	3.00000000	3.00000000	0.000000	1.0000000	3.0000000	1.0000000	3.0000000	1.000000000	2.0000000	2.00000000	2.0000000	1.0000000	3.0000000	3.00000000	0.0000000	0.00000000	3.000000000	2.00000000	0.00000000	1.00000e+00	0.00000e+00	0.00000e+00	0.00000e+00	0.00000e+00	0.00000e+00	0.00000e+00	#_5         
   29	1	1	0	0	 50	0.00000e+00	0.00000e+00	0.00000e+00	1.0000000	0.00000e+00	0.00000e+00	0.00000e+00	 0.00000000	4.0000000	2.0000000	 1.0000000	0.00000000	 1.0000000	2.00000000	1.0000000	2.0000000	1.0000000	 1.00000000	3.0000000	3.00000000	5.00000000	1.000000	1.0000000	2.0000000	2.0000000	2.0000000	2.000000000	3.0000000	2.00000000	0.0000000	0.0000000	0.0000000	2.00000000	2.0000000	1.00000000	0.000000000	1.00000000	2.00000000	0.00000e+00	0.00000e+00	0.00000e+00	0.00000e+00	0.00000e+00	0.00000e+00	0.00000e+00	#_6         
   30	1	1	0	0	 50	0.00000e+00	0.00000e+00	0.00000e+00	0.0000000	0.00000e+00	0.00000e+00	0.00000e+00	 1.00000000	8.0000000	5.0000000	 2.0000000	2.00000000	 0.0000000	0.00000000	3.0000000	3.0000000	2.0000000	 3.00000000	0.0000000	1.00000000	4.00000000	1.000000	0.0000000	1.0000000	2.0000000	1.0000000	2.000000000	1.0000000	1.00000000	2.0000000	1.0000000	0.0000000	0.00000000	0.0000000	0.00000000	1.000000000	0.00000000	1.00000000	1.00000e+00	0.00000e+00	0.00000e+00	1.00000e+00	0.00000e+00	0.00000e+00	0.00000e+00	#_7         
   31	1	1	0	0	 50	0.00000e+00	0.00000e+00	1.00000e+00	1.0000000	1.00000e+00	0.00000e+00	0.00000e+00	 1.00000000	2.0000000	2.0000000	 1.0000000	3.00000000	 2.0000000	3.00000000	4.0000000	4.0000000	2.0000000	 0.00000000	1.0000000	3.00000000	3.00000000	0.000000	1.0000000	1.0000000	1.0000000	1.0000000	0.000000000	1.0000000	0.00000000	0.0000000	2.0000000	1.0000000	2.00000000	1.0000000	2.00000000	0.000000000	0.00000000	1.00000000	1.00000e+00	1.00000e+00	0.00000e+00	0.00000e+00	0.00000e+00	0.00000e+00	0.00000e+00	#_8         
   32	1	1	0	0	 50	0.00000e+00	0.00000e+00	0.00000e+00	0.0000000	1.00000e+00	0.00000e+00	0.00000e+00	 0.00000000	3.0000000	2.0000000	 1.0000000	2.00000000	 1.0000000	2.00000000	2.0000000	2.0000000	3.0000000	 1.00000000	4.0000000	3.00000000	1.00000000	3.000000	0.0000000	2.0000000	1.0000000	1.0000000	1.000000000	1.0000000	0.00000000	4.0000000	1.0000000	1.0000000	2.00000000	4.0000000	0.00000000	0.000000000	1.00000000	0.00000000	0.00000e+00	0.00000e+00	0.00000e+00	0.00000e+00	0.00000e+00	0.00000e+00	0.00000e+00	#_9         
   33	1	1	0	0	 50	0.00000e+00	0.00000e+00	0.00000e+00	1.0000000	1.00000e+00	3.00000e+00	0.00000e+00	 2.00000000	0.0000000	3.0000000	 2.0000000	1.00000000	 1.0000000	2.00000000	1.0000000	3.0000000	5.0000000	 2.00000000	3.0000000	3.00000000	3.00000000	1.000000	0.0000000	1.0000000	3.0000000	0.0000000	0.000000000	2.0000000	1.00000000	0.0000000	0.0000000	2.0000000	1.00000000	0.0000000	0.00000000	0.000000000	1.00000000	1.00000000	0.00000e+00	0.00000e+00	0.00000e+00	1.00000e+00	0.00000e+00	0.00000e+00	0.00000e+00	#_10        
   34	1	1	0	0	 50	0.00000e+00	0.00000e+00	0.00000e+00	2.0000000	0.00000e+00	0.00000e+00	1.00000e+00	 0.00000000	2.0000000	4.0000000	 3.0000000	3.00000000	 0.0000000	1.00000000	1.0000000	2.0000000	1.0000000	 3.00000000	1.0000000	1.00000000	2.00000000	0.000000	2.0000000	4.0000000	1.0000000	1.0000000	1.000000000	1.0000000	1.00000000	2.0000000	3.0000000	2.0000000	1.00000000	0.0000000	1.00000000	0.000000000	0.00000000	2.00000000	0.00000e+00	0.00000e+00	0.00000e+00	0.00000e+00	0.00000e+00	0.00000e+00	1.00000e+00	#_11        
   35	1	1	0	0	 50	0.00000e+00	0.00000e+00	0.00000e+00	1.0000000	0.00000e+00	0.00000e+00	0.00000e+00	 1.00000000	4.0000000	4.0000000	 7.0000000	2.00000000	 2.0000000	2.00000000	2.0000000	1.0000000	0.0000000	 0.00000000	1.0000000	0.00000000	0.00000000	3.000000	4.0000000	1.0000000	4.0000000	2.0000000	3.000000000	0.0000000	0.00000000	0.0000000	1.0000000	3.0000000	0.00000000	0.0000000	1.00000000	0.000000000	0.00000000	0.00000000	0.00000e+00	0.00000e+00	1.00000e+00	0.00000e+00	0.00000e+00	0.00000e+00	0.00000e+00	#_12        
   36	1	1	0	0	 50	0.00000e+00	0.00000e+00	1.00000e+00	0.0000000	0.00000e+00	0.00000e+00	0.00000e+00	 0.00000000	5.0000000	4.0000000	 1.0000000	2.00000000	 1.0000000	0.00000000	4.0000000	2.0000000	1.0000000	 3.00000000	2.0000000	2.00000000	1.00000000	1.000000	1.0000000	1.0000000	1.0000000	2.0000000	2.000000000	0.0000000	2.00000000	0.0000000	1.0000000	2.0000000	1.00000000	1.0000000	0.00000000	1.000000000	2.00000000	1.00000000	1.00000e+00	0.00000e+00	0.00000e+00	0.00000e+00	1.00000e+00	0.00000e+00	0.00000e+00	#_13        
   37	1	1	0	0	 50	0.00000e+00	0.00000e+00	0.00000e+00	0.0000000	3.00000e+00	2.00000e+00	0.00000e+00	 0.00000000	1.0000000	1.0000000	 1.0000000	1.00000000	 3.0000000	3.00000000	1.0000000	2.0000000	1.0000000	 1.00000000	1.0000000	4.00000000	3.00000000	1.000000	1.0000000	1.0000000	2.0000000	0.0000000	1.000000000	2.0000000	3.00000000	0.0000000	1.0000000	0.0000000	0.00000000	2.0000000	4.00000000	1.000000000	1.00000000	2.00000000	0.00000e+00	0.00000e+00	0.00000e+00	0.00000e+00	0.00000e+00	0.00000e+00	0.00000e+00	#_14        
   38	1	1	0	0	 50	0.00000e+00	0.00000e+00	1.00000e+00	1.0000000	0.00000e+00	0.00000e+00	1.00000e+00	 1.00000000	3.0000000	6.0000000	 3.0000000	0.00000000	 1.0000000	1.00000000	0.0000000	3.0000000	2.0000000	 3.00000000	1.0000000	2.00000000	3.00000000	1.000000	1.0000000	1.0000000	1.0000000	1.0000000	4.000000000	0.0000000	3.00000000	4.0000000	0.0000000	1.0000000	0.00000000	0.0000000	1.00000000	0.000000000	0.00000000	0.00000000	0.00000e+00	0.00000e+00	0.00000e+00	0.00000e+00	0.00000e+00	0.00000e+00	0.00000e+00	#_15        
   39	1	1	0	0	 50	0.00000e+00	0.00000e+00	0.00000e+00	0.0000000	0.00000e+00	0.00000e+00	0.00000e+00	 1.00000000	0.0000000	3.0000000	 0.0000000	1.00000000	 3.0000000	4.00000000	3.0000000	3.0000000	4.0000000	 1.00000000	2.0000000	0.00000000	0.00000000	4.000000	2.0000000	1.0000000	0.0000000	5.0000000	2.000000000	1.0000000	0.00000000	0.0000000	1.0000000	2.0000000	1.00000000	0.0000000	0.00000000	1.000000000	1.00000000	1.00000000	2.00000e+00	1.00000e+00	0.00000e+00	0.00000e+00	0.00000e+00	0.00000e+00	0.00000e+00	#_16        
   40	1	1	0	0	 50	0.00000e+00	0.00000e+00	0.00000e+00	1.0000000	0.00000e+00	0.00000e+00	0.00000e+00	 1.00000000	2.0000000	6.0000000	 5.0000000	3.00000000	 3.0000000	2.00000000	1.0000000	0.0000000	3.0000000	 1.00000000	3.0000000	1.00000000	1.00000000	1.000000	1.0000000	0.0000000	0.0000000	1.0000000	2.000000000	3.0000000	1.00000000	2.0000000	2.0000000	0.0000000	2.00000000	1.0000000	1.00000000	0.000000000	0.00000000	0.00000000	0.00000e+00	0.00000e+00	0.00000e+00	0.00000e+00	0.00000e+00	0.00000e+00	0.00000e+00	#_17        
   41	1	1	0	0	 50	0.00000e+00	0.00000e+00	1.00000e+00	1.0000000	0.00000e+00	0.00000e+00	0.00000e+00	 0.00000000	2.0000000	0.0000000	 0.0000000	1.00000000	 2.0000000	4.00000000	2.0000000	2.0000000	1.0000000	 0.00000000	1.0000000	2.00000000	2.00000000	0.000000	1.0000000	2.0000000	2.0000000	0.0000000	0.000000000	2.0000000	4.00000000	2.0000000	2.0000000	4.0000000	1.00000000	2.0000000	1.00000000	1.000000000	1.00000000	1.00000000	0.00000e+00	1.00000e+00	1.00000e+00	0.00000e+00	0.00000e+00	0.00000e+00	1.00000e+00	#_18        
   42	1	1	0	0	 50	0.00000e+00	0.00000e+00	1.00000e+00	1.0000000	0.00000e+00	0.00000e+00	0.00000e+00	 1.00000000	4.0000000	3.0000000	 2.0000000	2.00000000	 2.0000000	3.00000000	2.0000000	2.0000000	1.0000000	 1.00000000	2.0000000	4.00000000	0.00000000	1.000000	3.0000000	1.0000000	1.0000000	1.0000000	0.000000000	2.0000000	3.00000000	1.0000000	3.0000000	0.0000000	0.00000000	1.0000000	1.00000000	0.000000000	1.00000000	0.00000000	0.00000e+00	0.00000e+00	0.00000e+00	0.00000e+00	0.00000e+00	0.00000e+00	0.00000e+00	#_19        
   43	1	1	0	0	 50	0.00000e+00	0.00000e+00	0.00000e+00	0.0000000	3.00000e+00	1.00000e+00	0.00000e+00	 0.00000000	0.0000000	0.0000000	 1.0000000	5.00000000	 5.0000000	2.00000000	3.0000000	0.0000000	5.0000000	 0.00000000	2.0000000	0.00000000	2.00000000	1.000000	1.0000000	1.0000000	0.0000000	1.0000000	0.000000000	0.0000000	4.00000000	3.0000000	1.0000000	4.0000000	1.00000000	1.0000000	0.00000000	1.000000000	0.00000000	0.00000000	1.00000e+00	0.00000e+00	0.00000e+00	1.00000e+00	0.00000e+00	0.00000e+00	0.00000e+00	#_20        
   44	1	1	0	0	 50	0.00000e+00	0.00000e+00	0.00000e+00	0.0000000	0.00000e+00	0.00000e+00	1.00000e+00	 4.00000000	3.0000000	6.0000000	 4.0000000	3.00000000	 4.0000000	1.00000000	0.0000000	1.0000000	3.0000000	 0.00000000	1.0000000	2.00000000	3.00000000	2.000000	1.0000000	1.0000000	1.0000000	1.0000000	3.000000000	0.0000000	1.00000000	2.0000000	0.0000000	0.0000000	0.00000000	0.0000000	1.00000000	1.000000000	0.00000000	0.00000000	0.00000e+00	0.00000e+00	0.00000e+00	0.00000e+00	0.00000e+00	0.00000e+00	0.00000e+00	#_21        
   45	1	1	0	0	 50	0.00000e+00	0.00000e+00	0.00000e+00	0.0000000	0.00000e+00	0.00000e+00	0.00000e+00	 1.00000000	0.0000000	0.0000000	 0.0000000	3.00000000	 3.0000000	3.00000000	6.0000000	5.0000000	4.0000000	 2.00000000	3.0000000	1.00000000	0.00000000	2.000000	1.0000000	1.0000000	2.0000000	0.0000000	0.000000000	0.0000000	3.00000000	2.0000000	0.0000000	2.0000000	1.00000000	2.0000000	2.00000000	0.000000000	0.00000000	1.00000000	0.00000e+00	0.00000e+00	0.00000e+00	0.00000e+00	0.00000e+00	0.00000e+00	0.00000e+00	#_22        
   46	1	1	0	0	 50	0.00000e+00	0.00000e+00	1.00000e+00	1.0000000	2.00000e+00	0.00000e+00	0.00000e+00	 1.00000000	1.0000000	1.0000000	 1.0000000	0.00000000	 0.0000000	0.00000000	0.0000000	2.0000000	0.0000000	 4.00000000	2.0000000	4.00000000	5.00000000	3.000000	3.0000000	2.0000000	1.0000000	1.0000000	3.000000000	0.0000000	1.00000000	1.0000000	3.0000000	0.0000000	2.00000000	1.0000000	1.00000000	2.000000000	0.00000000	0.00000000	0.00000e+00	1.00000e+00	0.00000e+00	0.00000e+00	0.00000e+00	0.00000e+00	0.00000e+00	#_23        
   47	1	1	0	0	 50	0.00000e+00	0.00000e+00	0.00000e+00	0.0000000	1.00000e+00	2.00000e+00	0.00000e+00	 2.00000000	8.0000000	2.0000000	 1.0000000	7.00000000	 3.0000000	1.00000000	0.0000000	0.0000000	0.0000000	 0.00000000	1.0000000	2.00000000	2.00000000	1.000000	1.0000000	3.0000000	3.0000000	0.0000000	0.000000000	2.0000000	1.00000000	0.0000000	1.0000000	2.0000000	0.00000000	1.0000000	1.00000000	0.000000000	1.00000000	0.00000000	0.00000e+00	0.00000e+00	0.00000e+00	1.00000e+00	0.00000e+00	0.00000e+00	0.00000e+00	#_24        
   48	1	1	0	0	 50	0.00000e+00	0.00000e+00	0.00000e+00	2.0000000	0.00000e+00	0.00000e+00	1.00000e+00	 1.00000000	3.0000000	1.0000000	 3.0000000	4.00000000	 3.0000000	3.00000000	1.0000000	2.0000000	1.0000000	 1.00000000	1.0000000	2.00000000	2.00000000	1.000000	0.0000000	1.0000000	3.0000000	3.0000000	0.000000000	4.0000000	1.00000000	2.0000000	1.0000000	0.0000000	0.00000000	1.0000000	1.00000000	0.000000000	0.00000000	0.00000000	0.00000e+00	0.00000e+00	0.00000e+00	1.00000e+00	0.00000e+00	0.00000e+00	0.00000e+00	#_25        
   49	1	1	0	0	 50	0.00000e+00	0.00000e+00	0.00000e+00	0.0000000	2.00000e+00	0.00000e+00	0.00000e+00	 1.00000000	2.0000000	2.0000000	 2.0000000	1.00000000	 1.0000000	0.00000000	3.0000000	3.0000000	4.0000000	 2.00000000	6.0000000	1.00000000	2.00000000	3.000000	1.0000000	1.0000000	2.0000000	0.0000000	1.000000000	2.0000000	1.00000000	0.0000000	1.0000000	1.0000000	2.00000000	0.0000000	0.00000000	1.000000000	1.00000000	0.00000000	0.00000e+00	1.00000e+00	0.00000e+00	0.00000e+00	0.00000e+00	0.00000e+00	0.00000e+00	#_26        
   50	1	1	0	0	 50	0.00000e+00	0.00000e+00	0.00000e+00	1.0000000	4.00000e+00	0.00000e+00	0.00000e+00	 4.00000000	3.0000000	1.0000000	 2.0000000	0.00000000	 1.0000000	1.00000000	2.0000000	1.0000000	1.0000000	 0.00000000	5.0000000	0.00000000	2.00000000	1.000000	3.0000000	1.0000000	1.0000000	1.0000000	0.000000000	3.0000000	4.00000000	0.0000000	3.0000000	2.0000000	0.00000000	3.0000000	0.00000000	0.000000000	0.00000000	0.00000000	0.00000e+00	0.00000e+00	0.00000e+00	0.00000e+00	0.00000e+00	0.00000e+00	0.00000e+00	#_27        
   51	1	1	0	0	 50	0.00000e+00	0.00000e+00	0.00000e+00	1.0000000	2.00000e+00	1.00000e+00	0.00000e+00	 1.00000000	6.0000000	3.0000000	 3.0000000	0.00000000	 1.0000000	1.00000000	2.0000000	2.0000000	2.0000000	 0.00000000	1.0000000	3.00000000	1.00000000	1.000000	2.0000000	1.0000000	4.0000000	0.0000000	2.000000000	0.0000000	1.00000000	0.0000000	2.0000000	1.0000000	0.00000000	2.0000000	1.00000000	3.000000000	0.00000000	0.00000000	0.00000e+00	0.00000e+00	0.00000e+00	0.00000e+00	0.00000e+00	0.00000e+00	0.00000e+00	#_28        
   52	1	1	0	0	 50	0.00000e+00	0.00000e+00	1.00000e+00	0.0000000	0.00000e+00	0.00000e+00	0.00000e+00	 1.00000000	2.0000000	3.0000000	 2.0000000	1.00000000	 2.0000000	2.00000000	2.0000000	4.0000000	4.0000000	 1.00000000	1.0000000	2.00000000	4.00000000	2.000000	2.0000000	2.0000000	2.0000000	2.0000000	3.000000000	0.0000000	0.00000000	0.0000000	1.0000000	1.0000000	0.00000000	0.0000000	0.00000000	0.000000000	0.00000000	1.00000000	0.00000e+00	1.00000e+00	0.00000e+00	0.00000e+00	0.00000e+00	1.00000e+00	0.00000e+00	#_29        
   53	1	1	0	0	 50	0.00000e+00	0.00000e+00	0.00000e+00	0.0000000	0.00000e+00	1.00000e+00	0.00000e+00	 1.00000000	5.0000000	4.0000000	 2.0000000	4.00000000	 2.0000000	2.00000000	0.0000000	3.0000000	2.0000000	 1.00000000	1.0000000	3.00000000	3.00000000	0.000000	0.0000000	2.0000000	1.0000000	1.0000000	0.000000000	3.0000000	3.00000000	1.0000000	0.0000000	0.0000000	1.00000000	2.0000000	0.00000000	0.000000000	0.00000000	1.00000000	0.00000e+00	1.00000e+00	0.00000e+00	0.00000e+00	0.00000e+00	0.00000e+00	0.00000e+00	#_30        
   54	1	1	0	0	 50	1.00000e+00	0.00000e+00	0.00000e+00	0.0000000	0.00000e+00	0.00000e+00	0.00000e+00	 0.00000000	2.0000000	0.0000000	 1.0000000	4.00000000	 1.0000000	1.00000000	1.0000000	2.0000000	4.0000000	 2.00000000	2.0000000	1.00000000	0.00000000	3.000000	2.0000000	4.0000000	5.0000000	1.0000000	1.000000000	3.0000000	1.00000000	1.0000000	2.0000000	0.0000000	1.00000000	1.0000000	1.00000000	1.000000000	1.00000000	0.00000000	0.00000e+00	0.00000e+00	0.00000e+00	0.00000e+00	0.00000e+00	0.00000e+00	0.00000e+00	#_31        
   55	1	1	0	0	 50	0.00000e+00	0.00000e+00	0.00000e+00	2.0000000	0.00000e+00	3.00000e+00	0.00000e+00	 1.00000000	1.0000000	3.0000000	 3.0000000	3.00000000	 0.0000000	0.00000000	0.0000000	1.0000000	6.0000000	 1.00000000	2.0000000	1.00000000	1.00000000	2.000000	3.0000000	2.0000000	0.0000000	2.0000000	0.000000000	2.0000000	1.00000000	0.0000000	2.0000000	5.0000000	0.00000000	0.0000000	1.00000000	1.000000000	1.00000000	0.00000000	0.00000e+00	0.00000e+00	0.00000e+00	0.00000e+00	0.00000e+00	0.00000e+00	0.00000e+00	#_32        
   56	1	1	0	0	 50	0.00000e+00	0.00000e+00	0.00000e+00	1.0000000	1.00000e+00	0.00000e+00	0.00000e+00	 3.00000000	2.0000000	5.0000000	 3.0000000	3.00000000	 3.0000000	1.00000000	2.0000000	1.0000000	1.0000000	 1.00000000	2.0000000	1.00000000	2.00000000	2.000000	2.0000000	1.0000000	2.0000000	1.0000000	1.000000000	1.0000000	0.00000000	2.0000000	1.0000000	1.0000000	1.00000000	0.0000000	0.00000000	1.000000000	0.00000000	0.00000000	0.00000e+00	0.00000e+00	1.00000e+00	0.00000e+00	1.00000e+00	0.00000e+00	0.00000e+00	#_33        
   57	1	1	0	0	 50	0.00000e+00	0.00000e+00	2.00000e+00	3.0000000	1.00000e+00	1.00000e+00	1.00000e+00	 2.00000000	2.0000000	2.0000000	 3.0000000	1.00000000	 2.0000000	1.00000000	3.0000000	1.0000000	1.0000000	 0.00000000	1.0000000	0.00000000	2.00000000	0.000000	1.0000000	4.0000000	1.0000000	0.0000000	6.000000000	0.0000000	1.00000000	0.0000000	1.0000000	1.0000000	1.00000000	3.0000000	0.00000000	1.000000000	0.00000000	0.00000000	0.00000e+00	1.00000e+00	0.00000e+00	0.00000e+00	0.00000e+00	0.00000e+00	0.00000e+00	#_34        
   58	1	1	0	0	 50	0.00000e+00	0.00000e+00	0.00000e+00	1.0000000	0.00000e+00	2.00000e+00	1.00000e+00	 0.00000000	4.0000000	3.0000000	 0.0000000	4.00000000	 1.0000000	3.00000000	2.0000000	1.0000000	2.0000000	 4.00000000	2.0000000	2.00000000	4.00000000	2.000000	1.0000000	2.0000000	1.0000000	0.0000000	2.000000000	1.0000000	0.00000000	0.0000000	0.0000000	1.0000000	1.00000000	2.0000000	0.00000000	0.000000000	1.00000000	0.00000000	0.00000e+00	0.00000e+00	0.00000e+00	0.00000e+00	0.00000e+00	0.00000e+00	0.00000e+00	#_35        
   59	1	1	0	0	 50	0.00000e+00	0.00000e+00	0.00000e+00	0.0000000	2.00000e+00	0.00000e+00	0.00000e+00	 0.00000000	0.0000000	1.0000000	 2.0000000	2.00000000	 3.0000000	0.00000000	1.0000000	3.0000000	1.0000000	 3.00000000	3.0000000	4.00000000	5.00000000	3.000000	1.0000000	2.0000000	2.0000000	3.0000000	0.000000000	2.0000000	1.00000000	0.0000000	3.0000000	2.0000000	0.00000000	1.0000000	0.00000000	0.000000000	0.00000000	0.00000000	0.00000e+00	0.00000e+00	0.00000e+00	0.00000e+00	0.00000e+00	0.00000e+00	0.00000e+00	#_36        
   60	1	1	0	0	 50	0.00000e+00	0.00000e+00	0.00000e+00	0.0000000	3.00000e+00	0.00000e+00	1.00000e+00	 0.00000000	4.0000000	3.0000000	 3.0000000	3.00000000	 3.0000000	1.00000000	0.0000000	2.0000000	0.0000000	 1.00000000	2.0000000	0.00000000	3.00000000	0.000000	2.0000000	4.0000000	1.0000000	2.0000000	1.000000000	1.0000000	2.00000000	2.0000000	2.0000000	0.0000000	1.00000000	0.0000000	0.00000000	2.000000000	1.00000000	0.00000000	0.00000e+00	0.00000e+00	0.00000e+00	0.00000e+00	0.00000e+00	0.00000e+00	0.00000e+00	#_37        
   61	1	1	0	0	 50	1.00000e+00	0.00000e+00	0.00000e+00	0.0000000	2.00000e+00	0.00000e+00	0.00000e+00	 1.00000000	2.0000000	3.0000000	 8.0000000	3.00000000	 3.0000000	1.00000000	0.0000000	0.0000000	3.0000000	 3.00000000	2.0000000	3.00000000	1.00000000	3.000000	1.0000000	0.0000000	0.0000000	0.0000000	1.000000000	1.0000000	3.00000000	2.0000000	2.0000000	0.0000000	0.00000000	1.0000000	0.00000000	0.000000000	0.00000000	0.00000000	0.00000e+00	0.00000e+00	0.00000e+00	0.00000e+00	0.00000e+00	0.00000e+00	0.00000e+00	#_38        
   62	1	1	0	0	 50	0.00000e+00	0.00000e+00	0.00000e+00	0.0000000	2.00000e+00	0.00000e+00	0.00000e+00	 1.00000000	1.0000000	2.0000000	 2.0000000	1.00000000	 0.0000000	3.00000000	4.0000000	3.0000000	5.0000000	 2.00000000	0.0000000	3.00000000	4.00000000	1.000000	3.0000000	4.0000000	0.0000000	0.0000000	0.000000000	2.0000000	0.00000000	1.0000000	0.0000000	4.0000000	0.00000000	1.0000000	0.00000000	0.000000000	0.00000000	1.00000000	0.00000e+00	0.00000e+00	0.00000e+00	0.00000e+00	0.00000e+00	0.00000e+00	0.00000e+00	#_39        
   63	1	1	0	0	 50	0.00000e+00	0.00000e+00	0.00000e+00	1.0000000	1.00000e+00	0.00000e+00	0.00000e+00	 1.00000000	1.0000000	1.0000000	 3.0000000	3.00000000	 3.0000000	0.00000000	3.0000000	3.0000000	1.0000000	 2.00000000	2.0000000	2.00000000	3.00000000	2.000000	2.0000000	4.0000000	1.0000000	0.0000000	4.000000000	1.0000000	0.00000000	1.0000000	2.0000000	2.0000000	0.00000000	0.0000000	0.00000000	0.000000000	0.00000000	0.00000000	0.00000e+00	1.00000e+00	0.00000e+00	0.00000e+00	0.00000e+00	0.00000e+00	0.00000e+00	#_40        
   64	1	1	0	0	 50	0.00000e+00	0.00000e+00	0.00000e+00	0.0000000	0.00000e+00	1.00000e+00	1.00000e+00	 1.00000000	2.0000000	2.0000000	 6.0000000	1.00000000	 2.0000000	1.00000000	2.0000000	2.0000000	2.0000000	 2.00000000	3.0000000	1.00000000	1.00000000	2.000000	3.0000000	2.0000000	1.0000000	4.0000000	0.000000000	3.0000000	1.00000000	1.0000000	0.0000000	0.0000000	0.00000000	0.0000000	0.00000000	1.000000000	2.00000000	0.00000000	0.00000e+00	0.00000e+00	0.00000e+00	0.00000e+00	0.00000e+00	0.00000e+00	0.00000e+00	#_41        
   65	1	1	0	0	 50	0.00000e+00	0.00000e+00	0.00000e+00	1.0000000	0.00000e+00	1.00000e+00	0.00000e+00	 1.00000000	3.0000000	2.0000000	 2.0000000	1.00000000	 1.0000000	1.00000000	0.0000000	2.0000000	2.0000000	 4.00000000	5.0000000	3.00000000	1.00000000	4.000000	0.0000000	4.0000000	0.0000000	3.0000000	1.000000000	1.0000000	1.00000000	1.0000000	1.0000000	1.0000000	0.00000000	0.0000000	1.00000000	1.000000000	0.00000000	1.00000000	0.00000e+00	0.00000e+00	0.00000e+00	0.00000e+00	0.00000e+00	0.00000e+00	0.00000e+00	#_42        
   66	1	1	0	0	 50	0.00000e+00	0.00000e+00	0.00000e+00	1.0000000	1.00000e+00	0.00000e+00	1.00000e+00	 3.00000000	2.0000000	4.0000000	 0.0000000	2.00000000	 2.0000000	2.00000000	2.0000000	1.0000000	2.0000000	 3.00000000	2.0000000	1.00000000	1.00000000	2.000000	1.0000000	2.0000000	2.0000000	1.0000000	3.000000000	2.0000000	1.00000000	1.0000000	1.0000000	1.0000000	0.00000000	0.0000000	1.00000000	0.000000000	0.00000000	1.00000000	0.00000e+00	1.00000e+00	0.00000e+00	0.00000e+00	0.00000e+00	0.00000e+00	0.00000e+00	#_43        
   67	1	1	0	0	 50	0.00000e+00	0.00000e+00	0.00000e+00	0.0000000	0.00000e+00	0.00000e+00	0.00000e+00	 0.00000000	3.0000000	2.0000000	 3.0000000	3.00000000	 3.0000000	2.00000000	1.0000000	3.0000000	1.0000000	 2.00000000	0.0000000	3.00000000	2.00000000	4.000000	2.0000000	2.0000000	1.0000000	2.0000000	2.000000000	1.0000000	1.00000000	2.0000000	1.0000000	0.0000000	0.00000000	0.0000000	0.00000000	0.000000000	0.00000000	2.00000000	0.00000e+00	1.00000e+00	0.00000e+00	1.00000e+00	0.00000e+00	0.00000e+00	0.00000e+00	#_44        
   68	1	1	0	0	 50	0.00000e+00	0.00000e+00	0.00000e+00	0.0000000	1.00000e+00	0.00000e+00	0.00000e+00	 0.00000000	4.0000000	4.0000000	 2.0000000	0.00000000	 2.0000000	0.00000000	1.0000000	4.0000000	3.0000000	 2.00000000	3.0000000	2.00000000	2.00000000	2.000000	1.0000000	1.0000000	0.0000000	2.0000000	1.000000000	0.0000000	0.00000000	2.0000000	4.0000000	2.0000000	2.00000000	0.0000000	0.00000000	0.000000000	2.00000000	0.00000000	1.00000e+00	0.00000e+00	0.00000e+00	0.00000e+00	0.00000e+00	0.00000e+00	0.00000e+00	#_45        
   69	1	1	0	0	 50	0.00000e+00	0.00000e+00	1.00000e+00	2.0000000	2.00000e+00	0.00000e+00	0.00000e+00	 0.00000000	0.0000000	4.0000000	 3.0000000	3.00000000	 2.0000000	3.00000000	3.0000000	2.0000000	0.0000000	 2.00000000	1.0000000	2.00000000	2.00000000	0.000000	1.0000000	1.0000000	0.0000000	1.0000000	3.000000000	2.0000000	5.00000000	2.0000000	0.0000000	0.0000000	1.00000000	0.0000000	1.00000000	1.000000000	0.00000000	0.00000000	0.00000e+00	0.00000e+00	0.00000e+00	0.00000e+00	0.00000e+00	0.00000e+00	0.00000e+00	#_46        
   70	1	1	0	0	 50	0.00000e+00	0.00000e+00	0.00000e+00	1.0000000	0.00000e+00	1.00000e+00	0.00000e+00	 1.00000000	0.0000000	1.0000000	 5.0000000	1.00000000	 2.0000000	1.00000000	3.0000000	2.0000000	1.0000000	 4.00000000	0.0000000	2.00000000	3.00000000	3.000000	1.0000000	3.0000000	3.0000000	3.0000000	1.000000000	1.0000000	0.00000000	2.0000000	1.0000000	1.0000000	1.00000000	0.0000000	0.00000000	0.000000000	0.00000000	0.00000000	1.00000e+00	1.00000e+00	0.00000e+00	0.00000e+00	0.00000e+00	0.00000e+00	0.00000e+00	#_47        
   71	1	1	0	0	 50	0.00000e+00	0.00000e+00	0.00000e+00	0.0000000	0.00000e+00	0.00000e+00	0.00000e+00	 1.00000000	0.0000000	4.0000000	 4.0000000	5.00000000	 0.0000000	1.00000000	6.0000000	4.0000000	0.0000000	 1.00000000	2.0000000	1.00000000	1.00000000	3.000000	1.0000000	4.0000000	2.0000000	2.0000000	1.000000000	2.0000000	1.00000000	1.0000000	2.0000000	0.0000000	0.00000000	0.0000000	0.00000000	0.000000000	0.00000000	0.00000000	1.00000e+00	0.00000e+00	0.00000e+00	0.00000e+00	0.00000e+00	0.00000e+00	0.00000e+00	#_48        
   72	1	1	0	0	 50	0.00000e+00	1.00000e+00	1.00000e+00	3.0000000	0.00000e+00	1.00000e+00	3.00000e+00	 0.00000000	1.0000000	1.0000000	 5.0000000	2.00000000	 1.0000000	3.00000000	2.0000000	2.0000000	4.0000000	 1.00000000	0.0000000	0.00000000	2.00000000	0.000000	3.0000000	1.0000000	2.0000000	2.0000000	2.000000000	0.0000000	0.00000000	2.0000000	1.0000000	0.0000000	2.00000000	0.0000000	1.00000000	1.000000000	0.00000000	0.00000000	0.00000e+00	0.00000e+00	0.00000e+00	0.00000e+00	0.00000e+00	0.00000e+00	0.00000e+00	#_49        
   73	1	1	0	0	 50	0.00000e+00	0.00000e+00	0.00000e+00	0.0000000	0.00000e+00	0.00000e+00	3.00000e+00	 0.00000000	1.0000000	4.0000000	 4.0000000	2.00000000	 4.0000000	3.00000000	1.0000000	1.0000000	2.0000000	 2.00000000	2.0000000	0.00000000	4.00000000	1.000000	2.0000000	1.0000000	3.0000000	1.0000000	1.000000000	0.0000000	1.00000000	1.0000000	1.0000000	0.0000000	1.00000000	1.0000000	1.00000000	0.000000000	1.00000000	1.00000000	0.00000e+00	0.00000e+00	0.00000e+00	0.00000e+00	0.00000e+00	0.00000e+00	0.00000e+00	#_50        
   74	1	1	0	0	 50	0.00000e+00	0.00000e+00	1.00000e+00	1.0000000	1.00000e+00	1.00000e+00	0.00000e+00	 0.00000000	0.0000000	2.0000000	 3.0000000	0.00000000	 0.0000000	4.00000000	4.0000000	4.0000000	4.0000000	 3.00000000	4.0000000	2.00000000	1.00000000	2.000000	1.0000000	2.0000000	1.0000000	0.0000000	1.000000000	0.0000000	3.00000000	1.0000000	0.0000000	0.0000000	0.00000000	1.0000000	1.00000000	0.000000000	1.00000000	1.00000000	0.00000e+00	0.00000e+00	0.00000e+00	0.00000e+00	0.00000e+00	0.00000e+00	0.00000e+00	#_51        
   75	1	1	0	0	 50	0.00000e+00	0.00000e+00	0.00000e+00	1.0000000	0.00000e+00	0.00000e+00	1.00000e+00	 1.00000000	0.0000000	4.0000000	 3.0000000	3.00000000	 1.0000000	3.00000000	2.0000000	2.0000000	2.0000000	 3.00000000	4.0000000	1.00000000	2.00000000	4.000000	1.0000000	1.0000000	2.0000000	0.0000000	1.000000000	0.0000000	0.00000000	2.0000000	0.0000000	3.0000000	0.00000000	0.0000000	0.00000000	3.000000000	0.00000000	0.00000000	0.00000e+00	0.00000e+00	0.00000e+00	0.00000e+00	0.00000e+00	0.00000e+00	0.00000e+00	#_52        
   76	1	1	0	0	 50	0.00000e+00	0.00000e+00	0.00000e+00	0.0000000	2.00000e+00	0.00000e+00	0.00000e+00	 0.00000000	2.0000000	3.0000000	 0.0000000	3.00000000	 1.0000000	3.00000000	4.0000000	2.0000000	5.0000000	 1.00000000	1.0000000	1.00000000	2.00000000	3.000000	4.0000000	1.0000000	1.0000000	2.0000000	1.000000000	0.0000000	2.00000000	0.0000000	1.0000000	0.0000000	0.00000000	0.0000000	1.00000000	2.000000000	1.00000000	0.00000000	0.00000e+00	0.00000e+00	0.00000e+00	0.00000e+00	1.00000e+00	0.00000e+00	0.00000e+00	#_53        
   77	1	1	0	0	 50	0.00000e+00	0.00000e+00	0.00000e+00	0.0000000	0.00000e+00	0.00000e+00	0.00000e+00	 0.00000000	1.0000000	2.0000000	 1.0000000	1.00000000	 1.0000000	1.00000000	0.0000000	7.0000000	3.0000000	 2.00000000	3.0000000	2.00000000	1.00000000	5.000000	2.0000000	3.0000000	1.0000000	1.0000000	2.000000000	2.0000000	2.00000000	1.0000000	2.0000000	0.0000000	2.00000000	0.0000000	0.00000000	0.000000000	1.00000000	0.00000000	0.00000e+00	0.00000e+00	0.00000e+00	0.00000e+00	0.00000e+00	0.00000e+00	1.00000e+00	#_54        
   78	1	1	0	0	 50	0.00000e+00	0.00000e+00	0.00000e+00	0.0000000	0.00000e+00	0.00000e+00	0.00000e+00	 2.00000000	1.0000000	4.0000000	 3.0000000	0.00000000	 2.0000000	0.00000000	1.0000000	2.0000000	3.0000000	 1.00000000	2.0000000	3.00000000	3.00000000	2.000000	4.0000000	2.0000000	2.0000000	2.0000000	0.000000000	2.0000000	1.00000000	1.0000000	0.0000000	0.0000000	1.00000000	1.0000000	0.00000000	1.000000000	0.00000000	2.00000000	0.00000e+00	2.00000e+00	0.00000e+00	0.00000e+00	0.00000e+00	0.00000e+00	0.00000e+00	#_55        
   79	1	1	0	0	 50	0.00000e+00	0.00000e+00	0.00000e+00	1.0000000	0.00000e+00	0.00000e+00	0.00000e+00	 0.00000000	2.0000000	6.0000000	 3.0000000	3.00000000	 1.0000000	4.00000000	5.0000000	2.0000000	1.0000000	 1.00000000	2.0000000	2.00000000	2.00000000	0.000000	0.0000000	1.0000000	1.0000000	2.0000000	1.000000000	0.0000000	1.00000000	0.0000000	2.0000000	1.0000000	0.00000000	2.0000000	0.00000000	1.000000000	0.00000000	1.00000000	1.00000e+00	0.00000e+00	0.00000e+00	0.00000e+00	1.00000e+00	0.00000e+00	0.00000e+00	#_56        
   80	1	1	0	0	 50	0.00000e+00	0.00000e+00	0.00000e+00	0.0000000	0.00000e+00	0.00000e+00	1.00000e+00	 2.00000000	2.0000000	3.0000000	 3.0000000	0.00000000	 3.0000000	1.00000000	3.0000000	3.0000000	1.0000000	 2.00000000	3.0000000	3.00000000	0.00000000	1.000000	0.0000000	0.0000000	1.0000000	0.0000000	2.000000000	2.0000000	0.00000000	2.0000000	2.0000000	1.0000000	1.00000000	2.0000000	1.00000000	3.000000000	0.00000000	1.00000000	0.00000e+00	1.00000e+00	0.00000e+00	0.00000e+00	0.00000e+00	0.00000e+00	0.00000e+00	#_57        
   81	1	1	0	0	 50	0.00000e+00	0.00000e+00	0.00000e+00	1.0000000	1.00000e+00	0.00000e+00	0.00000e+00	 1.00000000	1.0000000	4.0000000	 1.0000000	0.00000000	 2.0000000	2.00000000	4.0000000	4.0000000	1.0000000	 2.00000000	0.0000000	1.00000000	2.00000000	1.000000	2.0000000	2.0000000	4.0000000	3.0000000	3.000000000	0.0000000	1.00000000	0.0000000	1.0000000	1.0000000	1.00000000	1.0000000	1.00000000	0.000000000	0.00000000	0.00000000	2.00000e+00	0.00000e+00	0.00000e+00	0.00000e+00	0.00000e+00	0.00000e+00	0.00000e+00	#_58        
   82	1	1	0	0	 50	0.00000e+00	0.00000e+00	0.00000e+00	0.0000000	0.00000e+00	1.00000e+00	0.00000e+00	 1.00000000	5.0000000	4.0000000	 5.0000000	1.00000000	 2.0000000	1.00000000	0.0000000	3.0000000	3.0000000	 0.00000000	1.0000000	2.00000000	1.00000000	2.000000	3.0000000	3.0000000	2.0000000	0.0000000	2.000000000	1.0000000	1.00000000	2.0000000	1.0000000	1.0000000	0.00000000	0.0000000	1.00000000	1.000000000	0.00000000	0.00000000	0.00000e+00	0.00000e+00	0.00000e+00	0.00000e+00	0.00000e+00	0.00000e+00	0.00000e+00	#_59        
   83	1	1	0	0	 50	1.00000e+00	0.00000e+00	0.00000e+00	2.0000000	0.00000e+00	0.00000e+00	1.00000e+00	 0.00000000	3.0000000	5.0000000	 1.0000000	1.00000000	 3.0000000	1.00000000	1.0000000	1.0000000	2.0000000	 4.00000000	1.0000000	3.00000000	2.00000000	1.000000	3.0000000	1.0000000	1.0000000	2.0000000	2.000000000	1.0000000	1.00000000	2.0000000	1.0000000	0.0000000	1.00000000	0.0000000	1.00000000	1.000000000	0.00000000	0.00000000	0.00000e+00	0.00000e+00	0.00000e+00	0.00000e+00	0.00000e+00	0.00000e+00	0.00000e+00	#_60        
   84	1	1	0	0	 50	0.00000e+00	0.00000e+00	0.00000e+00	1.0000000	0.00000e+00	1.00000e+00	0.00000e+00	 1.00000000	2.0000000	3.0000000	 2.0000000	0.00000000	 0.0000000	0.00000000	0.0000000	2.0000000	2.0000000	 3.00000000	5.0000000	1.00000000	1.00000000	3.000000	1.0000000	1.0000000	2.0000000	1.0000000	0.000000000	5.0000000	2.00000000	2.0000000	1.0000000	1.0000000	2.00000000	1.0000000	0.00000000	1.000000000	1.00000000	0.00000000	0.00000e+00	0.00000e+00	1.00000e+00	0.00000e+00	1.00000e+00	0.00000e+00	0.00000e+00	#_61        
   85	1	1	0	0	 50	0.00000e+00	0.00000e+00	0.00000e+00	0.0000000	0.00000e+00	0.00000e+00	0.00000e+00	 2.00000000	5.0000000	6.0000000	 4.0000000	5.00000000	 3.0000000	1.00000000	0.0000000	3.0000000	1.0000000	 0.00000000	3.0000000	1.00000000	3.00000000	1.000000	2.0000000	1.0000000	1.0000000	2.0000000	3.000000000	1.0000000	0.00000000	0.0000000	0.0000000	0.0000000	0.00000000	1.0000000	0.00000000	1.000000000	0.00000000	0.00000000	0.00000e+00	0.00000e+00	0.00000e+00	0.00000e+00	0.00000e+00	0.00000e+00	0.00000e+00	#_62        
   86	1	1	0	0	 50	1.00000e+00	0.00000e+00	0.00000e+00	1.0000000	0.00000e+00	0.00000e+00	0.00000e+00	 0.00000000	3.0000000	2.0000000	 1.0000000	5.00000000	 4.0000000	4.00000000	2.0000000	3.0000000	4.0000000	 0.00000000	1.0000000	0.00000000	4.00000000	1.000000	0.0000000	0.0000000	3.0000000	2.0000000	0.000000000	1.0000000	1.00000000	1.0000000	0.0000000	0.0000000	0.00000000	1.0000000	1.00000000	0.000000000	4.00000000	0.00000000	0.00000e+00	0.00000e+00	0.00000e+00	0.00000e+00	0.00000e+00	0.00000e+00	0.00000e+00	#_63        
   87	1	1	0	0	 50	0.00000e+00	0.00000e+00	0.00000e+00	2.0000000	3.00000e+00	1.00000e+00	1.00000e+00	 0.00000000	1.0000000	3.0000000	 1.0000000	4.00000000	 1.0000000	0.00000000	2.0000000	1.0000000	0.0000000	 5.00000000	5.0000000	2.00000000	1.00000000	2.000000	1.0000000	2.0000000	0.0000000	0.0000000	1.000000000	0.0000000	1.00000000	2.0000000	1.0000000	1.0000000	1.00000000	1.0000000	2.00000000	0.000000000	0.00000000	1.00000000	0.00000e+00	0.00000e+00	0.00000e+00	1.00000e+00	0.00000e+00	0.00000e+00	0.00000e+00	#_64        
   88	1	1	0	0	 50	0.00000e+00	0.00000e+00	1.00000e+00	0.0000000	2.00000e+00	0.00000e+00	0.00000e+00	 2.00000000	5.0000000	5.0000000	 8.0000000	3.00000000	 1.0000000	1.00000000	0.0000000	2.0000000	1.0000000	 2.00000000	2.0000000	0.00000000	0.00000000	4.000000	0.0000000	4.0000000	0.0000000	0.0000000	1.000000000	1.0000000	0.00000000	4.0000000	0.0000000	1.0000000	0.00000000	0.0000000	0.00000000	0.000000000	0.00000000	0.00000000	0.00000e+00	0.00000e+00	0.00000e+00	0.00000e+00	0.00000e+00	0.00000e+00	0.00000e+00	#_65        
   89	1	1	0	0	 50	0.00000e+00	0.00000e+00	0.00000e+00	0.0000000	0.00000e+00	0.00000e+00	0.00000e+00	 2.00000000	2.0000000	4.0000000	 5.0000000	2.00000000	 6.0000000	2.00000000	3.0000000	2.0000000	1.0000000	 1.00000000	1.0000000	1.00000000	1.00000000	2.000000	0.0000000	2.0000000	3.0000000	2.0000000	0.000000000	1.0000000	3.00000000	1.0000000	1.0000000	0.0000000	1.00000000	0.0000000	1.00000000	0.000000000	0.00000000	0.00000000	0.00000e+00	0.00000e+00	0.00000e+00	0.00000e+00	0.00000e+00	0.00000e+00	0.00000e+00	#_66        
   90	1	1	0	0	 50	0.00000e+00	0.00000e+00	0.00000e+00	0.0000000	0.00000e+00	0.00000e+00	1.00000e+00	 2.00000000	1.0000000	1.0000000	 3.0000000	4.00000000	 2.0000000	6.00000000	3.0000000	7.0000000	0.0000000	 2.00000000	3.0000000	2.00000000	1.00000000	2.000000	0.0000000	1.0000000	0.0000000	1.0000000	0.000000000	1.0000000	2.00000000	1.0000000	1.0000000	1.0000000	0.00000000	1.0000000	0.00000000	1.000000000	0.00000000	0.00000000	0.00000e+00	0.00000e+00	0.00000e+00	0.00000e+00	0.00000e+00	0.00000e+00	0.00000e+00	#_67        
   91	1	1	0	0	 50	0.00000e+00	0.00000e+00	0.00000e+00	0.0000000	1.00000e+00	1.00000e+00	0.00000e+00	 0.00000000	0.0000000	1.0000000	 1.0000000	0.00000000	 1.0000000	1.00000000	3.0000000	0.0000000	5.0000000	 3.00000000	3.0000000	6.00000000	3.00000000	3.000000	2.0000000	2.0000000	2.0000000	1.0000000	1.000000000	2.0000000	3.00000000	0.0000000	1.0000000	0.0000000	0.00000000	0.0000000	1.00000000	2.000000000	0.00000000	0.00000000	0.00000e+00	1.00000e+00	0.00000e+00	0.00000e+00	0.00000e+00	0.00000e+00	0.00000e+00	#_68        
   92	1	1	0	0	 50	0.00000e+00	0.00000e+00	1.00000e+00	0.0000000	0.00000e+00	1.00000e+00	1.00000e+00	 0.00000000	3.0000000	1.0000000	 3.0000000	1.00000000	 0.0000000	3.00000000	1.0000000	2.0000000	1.0000000	 2.00000000	1.0000000	2.00000000	4.00000000	0.000000	2.0000000	4.0000000	4.0000000	1.0000000	0.000000000	2.0000000	2.00000000	2.0000000	1.0000000	2.0000000	0.00000000	0.0000000	1.00000000	0.000000000	1.00000000	0.00000000	0.00000e+00	0.00000e+00	0.00000e+00	1.00000e+00	0.00000e+00	0.00000e+00	0.00000e+00	#_69        
   93	1	1	0	0	 50	0.00000e+00	0.00000e+00	0.00000e+00	1.0000000	3.00000e+00	0.00000e+00	0.00000e+00	 0.00000000	2.0000000	3.0000000	 4.0000000	6.00000000	 0.0000000	1.00000000	0.0000000	1.0000000	2.0000000	 0.00000000	2.0000000	0.00000000	3.00000000	2.000000	1.0000000	4.0000000	3.0000000	2.0000000	0.000000000	2.0000000	1.00000000	2.0000000	0.0000000	2.0000000	0.00000000	0.0000000	1.00000000	0.000000000	1.00000000	0.00000000	0.00000e+00	0.00000e+00	0.00000e+00	0.00000e+00	1.00000e+00	0.00000e+00	0.00000e+00	#_70        
   94	1	1	0	0	 50	0.00000e+00	0.00000e+00	0.00000e+00	0.0000000	1.00000e+00	1.00000e+00	0.00000e+00	 1.00000000	3.0000000	1.0000000	 3.0000000	0.00000000	 2.0000000	3.00000000	1.0000000	5.0000000	3.0000000	 0.00000000	1.0000000	1.00000000	0.00000000	0.000000	1.0000000	3.0000000	1.0000000	3.0000000	2.000000000	2.0000000	1.00000000	2.0000000	1.0000000	1.0000000	2.00000000	2.0000000	2.00000000	0.000000000	0.00000000	0.00000000	0.00000e+00	0.00000e+00	0.00000e+00	1.00000e+00	0.00000e+00	0.00000e+00	0.00000e+00	#_71        
   96	1	1	0	0	 50	0.00000e+00	0.00000e+00	0.00000e+00	0.0000000	0.00000e+00	0.00000e+00	0.00000e+00	 1.00000000	1.0000000	2.0000000	 3.0000000	3.00000000	 1.0000000	2.00000000	1.0000000	2.0000000	3.0000000	 2.00000000	2.0000000	3.00000000	2.00000000	5.000000	1.0000000	1.0000000	1.0000000	0.0000000	1.000000000	1.0000000	2.00000000	1.0000000	0.0000000	0.0000000	2.00000000	3.0000000	0.00000000	1.000000000	1.00000000	1.00000000	1.00000e+00	0.00000e+00	0.00000e+00	0.00000e+00	0.00000e+00	0.00000e+00	0.00000e+00	#_72        
   97	1	1	0	0	 50	0.00000e+00	0.00000e+00	0.00000e+00	2.0000000	3.00000e+00	1.00000e+00	0.00000e+00	 0.00000000	1.0000000	0.0000000	 2.0000000	1.00000000	 4.0000000	3.00000000	2.0000000	4.0000000	2.0000000	 4.00000000	2.0000000	3.00000000	0.00000000	1.000000	1.0000000	2.0000000	0.0000000	2.0000000	0.000000000	1.0000000	0.00000000	1.0000000	0.0000000	2.0000000	2.00000000	1.0000000	1.00000000	0.000000000	1.00000000	0.00000000	0.00000e+00	0.00000e+00	1.00000e+00	0.00000e+00	0.00000e+00	0.00000e+00	0.00000e+00	#_73        
   98	1	1	0	0	 50	0.00000e+00	0.00000e+00	0.00000e+00	0.0000000	1.00000e+00	0.00000e+00	0.00000e+00	 0.00000000	5.0000000	7.0000000	 2.0000000	2.00000000	 0.0000000	3.00000000	2.0000000	0.0000000	0.0000000	 1.00000000	5.0000000	1.00000000	1.00000000	1.000000	1.0000000	2.0000000	1.0000000	1.0000000	2.000000000	2.0000000	1.00000000	1.0000000	0.0000000	1.0000000	3.00000000	2.0000000	1.00000000	0.000000000	0.00000000	1.00000000	0.00000e+00	0.00000e+00	0.00000e+00	0.00000e+00	0.00000e+00	0.00000e+00	0.00000e+00	#_74        
   99	1	1	0	0	 50	0.00000e+00	0.00000e+00	0.00000e+00	0.0000000	2.00000e+00	0.00000e+00	2.00000e+00	 0.00000000	5.0000000	4.0000000	 9.0000000	2.00000000	 1.0000000	2.00000000	4.0000000	0.0000000	2.0000000	 2.00000000	0.0000000	0.00000000	0.00000000	0.000000	2.0000000	1.0000000	2.0000000	2.0000000	0.000000000	3.0000000	1.00000000	0.0000000	1.0000000	2.0000000	0.00000000	0.0000000	0.00000000	0.000000000	0.00000000	0.00000000	1.00000e+00	0.00000e+00	0.00000e+00	0.00000e+00	0.00000e+00	0.00000e+00	0.00000e+00	#_75        
   62	1	2	0	0	100	1.00000e+00	0.00000e+00	0.00000e+00	1.0000000	0.00000e+00	2.00000e+00	5.00000e+00	 2.00000000	2.0000000	3.0000000	10.0000000	7.00000000	 6.0000000	6.00000000	8.0000000	4.0000000	5.0000000	 3.00000000	2.0000000	3.00000000	2.00000000	1.000000	3.0000000	3.0000000	4.0000000	4.0000000	2.000000000	2.0000000	2.00000000	2.0000000	1.0000000	0.0000000	1.00000000	1.0000000	1.00000000	0.000000000	1.00000000	0.00000000	0.00000e+00	0.00000e+00	0.00000e+00	0.00000e+00	0.00000e+00	0.00000e+00	0.00000e+00	#_76        
   64	1	2	0	0	100	1.00000e+00	0.00000e+00	0.00000e+00	0.0000000	0.00000e+00	4.00000e+00	7.00000e+00	 6.00000000	2.0000000	5.0000000	 1.0000000	3.00000000	 3.0000000	1.00000000	3.0000000	4.0000000	2.0000000	 9.00000000	4.0000000	1.00000000	8.00000000	4.000000	7.0000000	4.0000000	3.0000000	4.0000000	1.000000000	1.0000000	3.00000000	0.0000000	2.0000000	2.0000000	2.00000000	0.0000000	0.00000000	0.000000000	2.00000000	0.00000000	0.00000e+00	0.00000e+00	0.00000e+00	1.00000e+00	0.00000e+00	0.00000e+00	0.00000e+00	#_77        
   66	1	2	0	0	100	1.00000e+00	0.00000e+00	0.00000e+00	0.0000000	1.00000e+00	6.00000e+00	7.00000e+00	 6.00000000	3.0000000	4.0000000	 5.0000000	3.00000000	 4.0000000	5.00000000	7.0000000	6.0000000	3.0000000	 4.00000000	5.0000000	3.00000000	3.00000000	3.000000	2.0000000	1.0000000	1.0000000	1.0000000	2.000000000	6.0000000	1.00000000	2.0000000	0.0000000	1.0000000	2.00000000	1.0000000	1.00000000	0.000000000	0.00000000	0.00000000	0.00000e+00	0.00000e+00	0.00000e+00	0.00000e+00	0.00000e+00	0.00000e+00	0.00000e+00	#_78        
   68	1	2	0	0	100	1.00000e+00	0.00000e+00	0.00000e+00	0.0000000	2.00000e+00	6.00000e+00	4.00000e+00	 5.00000000	7.0000000	2.0000000	 4.0000000	9.00000000	 5.0000000	6.00000000	4.0000000	5.0000000	2.0000000	 1.00000000	4.0000000	3.00000000	2.00000000	1.000000	3.0000000	1.0000000	2.0000000	2.0000000	3.000000000	4.0000000	1.00000000	3.0000000	2.0000000	2.0000000	0.00000000	1.0000000	1.00000000	0.000000000	0.00000000	1.00000000	0.00000e+00	0.00000e+00	0.00000e+00	0.00000e+00	0.00000e+00	0.00000e+00	1.00000e+00	#_79        
   70	1	2	0	0	100	0.00000e+00	0.00000e+00	0.00000e+00	0.0000000	0.00000e+00	7.00000e+00	5.00000e+00	 8.00000000	3.0000000	4.0000000	 0.0000000	5.00000000	 4.0000000	6.00000000	2.0000000	5.0000000	2.0000000	 5.00000000	4.0000000	2.00000000	3.00000000	2.000000	3.0000000	3.0000000	2.0000000	3.0000000	1.000000000	2.0000000	2.00000000	0.0000000	4.0000000	4.0000000	1.00000000	1.0000000	1.00000000	2.000000000	1.00000000	2.00000000	1.00000e+00	0.00000e+00	0.00000e+00	0.00000e+00	0.00000e+00	0.00000e+00	0.00000e+00	#_80        
   72	1	2	0	0	100	1.00000e+00	0.00000e+00	0.00000e+00	0.0000000	2.00000e+00	1.00000e+00	7.00000e+00	 8.00000000	3.0000000	3.0000000	 2.0000000	5.00000000	 5.0000000	4.00000000	4.0000000	8.0000000	2.0000000	 2.00000000	1.0000000	5.00000000	2.00000000	2.000000	4.0000000	4.0000000	7.0000000	0.0000000	3.000000000	2.0000000	2.00000000	3.0000000	1.0000000	0.0000000	2.00000000	1.0000000	1.00000000	1.000000000	1.00000000	0.00000000	0.00000e+00	1.00000e+00	0.00000e+00	0.00000e+00	0.00000e+00	0.00000e+00	0.00000e+00	#_81        
   74	1	2	0	0	100	0.00000e+00	0.00000e+00	0.00000e+00	0.0000000	0.00000e+00	1.00000e+00	4.00000e+00	 3.00000000	2.0000000	2.0000000	 6.0000000	7.00000000	11.0000000	5.00000000	5.0000000	7.0000000	4.0000000	 2.00000000	1.0000000	4.00000000	3.00000000	2.000000	2.0000000	0.0000000	3.0000000	3.0000000	1.000000000	2.0000000	2.00000000	2.0000000	3.0000000	3.0000000	0.00000000	5.0000000	1.00000000	3.000000000	0.00000000	1.00000000	0.00000e+00	0.00000e+00	0.00000e+00	0.00000e+00	0.00000e+00	0.00000e+00	0.00000e+00	#_82        
   76	1	2	0	0	100	0.00000e+00	0.00000e+00	0.00000e+00	0.0000000	2.00000e+00	5.00000e+00	4.00000e+00	 1.00000000	1.0000000	1.0000000	 6.0000000	5.00000000	10.0000000	6.00000000	4.0000000	2.0000000	4.0000000	 2.00000000	0.0000000	2.00000000	5.00000000	4.000000	6.0000000	7.0000000	6.0000000	2.0000000	3.000000000	1.0000000	4.00000000	2.0000000	0.0000000	1.0000000	2.00000000	1.0000000	1.00000000	0.000000000	0.00000000	0.00000000	0.00000e+00	0.00000e+00	0.00000e+00	0.00000e+00	0.00000e+00	0.00000e+00	0.00000e+00	#_83        
   78	1	2	0	0	100	2.00000e+00	0.00000e+00	0.00000e+00	1.0000000	0.00000e+00	6.00000e+00	6.00000e+00	 7.00000000	3.0000000	1.0000000	 2.0000000	4.00000000	 1.0000000	5.00000000	3.0000000	4.0000000	3.0000000	10.00000000	6.0000000	3.00000000	4.00000000	3.000000	3.0000000	2.0000000	3.0000000	2.0000000	1.000000000	1.0000000	4.00000000	2.0000000	0.0000000	1.0000000	1.00000000	1.0000000	3.00000000	0.000000000	1.00000000	0.00000000	0.00000e+00	0.00000e+00	0.00000e+00	0.00000e+00	0.00000e+00	1.00000e+00	0.00000e+00	#_84        
   80	1	2	0	0	100	0.00000e+00	0.00000e+00	0.00000e+00	0.0000000	2.00000e+00	3.00000e+00	6.00000e+00	 4.00000000	3.0000000	6.0000000	 2.0000000	7.00000000	 8.0000000	3.00000000	3.0000000	2.0000000	7.0000000	 2.00000000	3.0000000	1.00000000	3.00000000	3.000000	3.0000000	0.0000000	4.0000000	5.0000000	3.000000000	4.0000000	1.00000000	2.0000000	2.0000000	2.0000000	2.00000000	0.0000000	0.00000000	1.000000000	1.00000000	0.00000000	1.00000e+00	0.00000e+00	0.00000e+00	0.00000e+00	1.00000e+00	0.00000e+00	0.00000e+00	#_85        
   82	1	2	0	0	100	1.00000e+00	0.00000e+00	0.00000e+00	0.0000000	1.00000e+00	7.00000e+00	6.00000e+00	 7.00000000	1.0000000	2.0000000	 1.0000000	4.00000000	 3.0000000	3.00000000	2.0000000	1.0000000	3.0000000	 4.00000000	5.0000000	8.00000000	2.00000000	4.000000	4.0000000	1.0000000	3.0000000	4.0000000	2.000000000	4.0000000	0.00000000	2.0000000	3.0000000	2.0000000	2.00000000	3.0000000	1.00000000	0.000000000	2.00000000	1.00000000	0.00000e+00	0.00000e+00	1.00000e+00	0.00000e+00	0.00000e+00	0.00000e+00	0.00000e+00	#_86        
   84	1	2	0	0	100	0.00000e+00	1.00000e+00	0.00000e+00	0.0000000	1.00000e+00	2.00000e+00	6.00000e+00	 6.00000000	2.0000000	6.0000000	 7.0000000	5.00000000	 2.0000000	7.00000000	4.0000000	3.0000000	1.0000000	 4.00000000	1.0000000	3.00000000	4.00000000	4.000000	3.0000000	3.0000000	2.0000000	2.0000000	1.000000000	2.0000000	3.00000000	1.0000000	2.0000000	1.0000000	2.00000000	4.0000000	1.00000000	2.000000000	0.00000000	0.00000000	0.00000e+00	1.00000e+00	1.00000e+00	0.00000e+00	0.00000e+00	0.00000e+00	0.00000e+00	#_87        
   86	1	2	0	0	100	0.00000e+00	0.00000e+00	0.00000e+00	0.0000000	2.00000e+00	5.00000e+00	1.00000e+01	 7.00000000	6.0000000	4.0000000	 3.0000000	4.00000000	 4.0000000	5.00000000	5.0000000	3.0000000	3.0000000	 6.00000000	3.0000000	1.00000000	1.00000000	4.000000	2.0000000	2.0000000	3.0000000	1.0000000	2.000000000	4.0000000	2.00000000	0.0000000	1.0000000	0.0000000	2.00000000	4.0000000	0.00000000	1.000000000	0.00000000	0.00000000	0.00000e+00	0.00000e+00	0.00000e+00	0.00000e+00	0.00000e+00	0.00000e+00	0.00000e+00	#_88        
   88	1	2	0	0	100	1.00000e+00	0.00000e+00	0.00000e+00	1.0000000	0.00000e+00	4.00000e+00	1.40000e+01	16.00000000	5.0000000	4.0000000	 3.0000000	2.00000000	 1.0000000	6.00000000	3.0000000	4.0000000	1.0000000	 3.00000000	0.0000000	1.00000000	2.00000000	3.000000	2.0000000	0.0000000	4.0000000	2.0000000	2.000000000	1.0000000	1.00000000	1.0000000	1.0000000	3.0000000	3.00000000	1.0000000	3.00000000	0.000000000	1.00000000	0.00000000	0.00000e+00	0.00000e+00	1.00000e+00	0.00000e+00	0.00000e+00	0.00000e+00	0.00000e+00	#_89        
   90	1	2	0	0	100	0.00000e+00	0.00000e+00	0.00000e+00	0.0000000	3.00000e+00	4.00000e+00	4.00000e+00	 5.00000000	6.0000000	1.0000000	 7.0000000	1.00000000	 3.0000000	4.00000000	9.0000000	7.0000000	3.0000000	 6.00000000	4.0000000	5.00000000	1.00000000	2.000000	2.0000000	2.0000000	4.0000000	1.0000000	5.000000000	2.0000000	1.00000000	0.0000000	2.0000000	1.0000000	2.00000000	0.0000000	2.00000000	0.000000000	1.00000000	0.00000000	0.00000e+00	0.00000e+00	0.00000e+00	0.00000e+00	0.00000e+00	0.00000e+00	0.00000e+00	#_90        
   92	1	2	0	0	100	1.00000e+00	0.00000e+00	0.00000e+00	0.0000000	1.00000e+00	5.00000e+00	8.00000e+00	 4.00000000	4.0000000	2.0000000	 2.0000000	0.00000000	 4.0000000	3.00000000	4.0000000	5.0000000	2.0000000	 5.00000000	1.0000000	3.00000000	5.00000000	6.000000	4.0000000	7.0000000	8.0000000	5.0000000	1.000000000	3.0000000	1.00000000	2.0000000	1.0000000	1.0000000	1.00000000	0.0000000	0.00000000	1.000000000	0.00000000	0.00000000	0.00000e+00	0.00000e+00	0.00000e+00	0.00000e+00	0.00000e+00	0.00000e+00	0.00000e+00	#_91        
   94	1	2	0	0	100	0.00000e+00	0.00000e+00	0.00000e+00	0.0000000	1.00000e+00	5.00000e+00	4.00000e+00	 1.00000000	4.0000000	2.0000000	 5.0000000	6.00000000	 3.0000000	7.00000000	3.0000000	0.0000000	4.0000000	 3.00000000	2.0000000	2.00000000	2.00000000	2.000000	2.0000000	3.0000000	4.0000000	7.0000000	3.000000000	4.0000000	6.00000000	3.0000000	2.0000000	0.0000000	2.00000000	2.0000000	0.00000000	3.000000000	1.00000000	1.00000000	0.00000e+00	0.00000e+00	0.00000e+00	0.00000e+00	0.00000e+00	1.00000e+00	0.00000e+00	#_92        
   96	1	2	0	0	100	0.00000e+00	0.00000e+00	0.00000e+00	1.0000000	1.00000e+00	5.00000e+00	1.00000e+01	10.00000000	2.0000000	0.0000000	 6.0000000	4.00000000	 4.0000000	2.00000000	3.0000000	2.0000000	4.0000000	 1.00000000	2.0000000	6.00000000	3.00000000	4.000000	4.0000000	3.0000000	0.0000000	1.0000000	3.000000000	2.0000000	5.00000000	1.0000000	1.0000000	3.0000000	1.00000000	3.0000000	0.00000000	2.000000000	0.00000000	0.00000000	1.00000e+00	0.00000e+00	0.00000e+00	0.00000e+00	0.00000e+00	0.00000e+00	0.00000e+00	#_93        
   98	1	2	0	0	100	0.00000e+00	1.00000e+00	0.00000e+00	1.0000000	1.00000e+00	6.00000e+00	9.00000e+00	 6.00000000	5.0000000	0.0000000	 3.0000000	4.00000000	 2.0000000	3.00000000	3.0000000	6.0000000	3.0000000	 4.00000000	3.0000000	3.00000000	5.00000000	3.000000	4.0000000	2.0000000	1.0000000	0.0000000	6.000000000	2.0000000	1.00000000	2.0000000	1.0000000	2.0000000	0.00000000	2.0000000	2.00000000	2.000000000	1.00000000	1.00000000	0.00000e+00	0.00000e+00	0.00000e+00	0.00000e+00	0.00000e+00	0.00000e+00	0.00000e+00	#_94        
  100	1	2	0	0	100	0.00000e+00	0.00000e+00	0.00000e+00	0.0000000	1.00000e+00	9.00000e+00	9.00000e+00	 7.00000000	7.0000000	2.0000000	 8.0000000	6.00000000	 5.0000000	4.00000000	7.0000000	0.0000000	3.0000000	 3.00000000	2.0000000	2.00000000	1.00000000	3.000000	1.0000000	2.0000000	0.0000000	2.0000000	1.000000000	5.0000000	2.00000000	0.0000000	2.0000000	1.0000000	0.00000000	1.0000000	1.00000000	1.000000000	1.00000000	0.00000000	0.00000e+00	0.00000e+00	0.00000e+00	0.00000e+00	1.00000e+00	0.00000e+00	0.00000e+00	#_95        
-9999	0	0	0	0	  0	0.00000e+00	0.00000e+00	0.00000e+00	0.0000000	0.00000e+00	0.00000e+00	0.00000e+00	 0.00000000	0.0000000	0.0000000	 0.0000000	0.00000000	 0.0000000	0.00000000	0.0000000	0.0000000	0.0000000	 0.00000000	0.0000000	0.00000000	0.00000000	0.000000	0.0000000	0.0000000	0.0000000	0.0000000	0.000000000	0.0000000	0.00000000	0.0000000	0.0000000	0.0000000	0.00000000	0.0000000	0.00000000	0.000000000	0.00000000	0.00000000	0.00000e+00	0.00000e+00	0.00000e+00	0.00000e+00	0.00000e+00	0.00000e+00	0.00000e+00	#_terminator
25 #_N_agebins
#
#_agebin_vector
1 2 3 4 5 6 7 8 9 10 11 12 13 14 15 16 17 18 19 20 21 22 23 24 25 #_agebin_vector
#
#_ageing_error
1 #_N_ageerror_definitions
#_age0	age1	age2	age3	age4	age5	age6	age7	age8	age9	age10	age11	age12	age13	age14	age15	age16	age17	age18	age19	age20	age21	age22	age23	age24	age25
-1.000	-1.000	-1.000	-1.000	-1.000	-1.000	-1.000	-1.000	-1.000	-1.000	-1.000	-1.000	-1.000	-1.000	-1.000	-1.000	-1.000	-1.000	-1.000	-1.000	-1.000	-1.000	-1.000	-1.000	-1.000	-1.000	#_1
 0.001	 0.001	 0.001	 0.001	 0.001	 0.001	 0.001	 0.001	 0.001	 0.001	 0.001	 0.001	 0.001	 0.001	 0.001	 0.001	 0.001	 0.001	 0.001	 0.001	 0.001	 0.001	 0.001	 0.001	 0.001	 0.001	#_2
#
#_age_info
#_mintailcomp	addtocomp	combine_M_F	CompressBins	CompError	ParmSelect	minsamplesize
-1	1e-10	0	0	0	0	1	#_Fishery
-1	1e-10	0	0	0	0	1	#_Survey 
3 #_Lbin_method: 1=poplenbins; 2=datalenbins; 3=lengths
 #_combine males into females at or below this bin number
#_Yr	Seas	FltSvy	Gender	Part	Ageerr	Lbin_lo	Lbin_hi	Nsamp	a1	a2	a3	a4	a5	a6	a7	a8	a9	a10	a11	a12	a13	a14	a15	a16	a17	a18	a19	a20	a21	a22	a23	a24	a25
   26	1	1	0	0	1	 -1	 -1	 50	2	10	 8	 8	 3	 2	 1	 3	1	3	 3	2	2	0	0	1	0	1	0	0	0	0	0	0	0	#_1         
   27	1	1	0	0	1	 -1	 -1	 50	1	 4	10	 7	 6	 4	 3	 3	1	2	 2	0	2	1	0	1	1	0	0	1	0	0	0	0	1	#_2         
   28	1	1	0	0	1	 -1	 -1	 50	2	 6	 4	 9	 9	 8	 2	 1	0	3	 0	2	1	1	2	0	0	0	0	0	0	0	0	0	0	#_3         
   29	1	1	0	0	1	 -1	 -1	 50	1	13	 9	 5	 4	 4	 4	 3	2	3	 0	0	1	0	0	1	0	0	0	0	0	0	0	0	0	#_4         
   30	1	1	0	0	1	 -1	 -1	 50	1	11	11	 4	 3	 6	 4	 3	2	3	 0	0	1	0	0	0	0	1	0	0	0	0	0	0	0	#_5         
   31	1	1	0	0	1	 -1	 -1	 50	6	10	10	 4	 6	 2	 2	 4	0	3	 2	0	1	0	0	0	0	0	0	0	0	0	0	0	0	#_6         
   32	1	1	0	0	1	 -1	 -1	 50	2	10	11	10	 4	 2	 1	 2	2	2	 1	2	0	0	1	0	0	0	0	0	0	0	0	0	0	#_7         
   33	1	1	0	0	1	 -1	 -1	 50	4	 8	 9	10	 3	 4	 3	 4	1	1	 1	0	1	0	0	0	1	0	0	0	0	0	0	0	0	#_8         
   34	1	1	0	0	1	 -1	 -1	 50	2	 8	11	 9	 4	 2	 3	 1	1	1	 1	0	2	1	0	0	0	0	1	2	0	1	0	0	0	#_9         
   35	1	1	0	0	1	 -1	 -1	 50	0	19	14	 2	 5	 0	 3	 0	2	1	 1	1	0	1	0	0	0	0	0	0	1	0	0	0	0	#_10        
   36	1	1	0	0	1	 -1	 -1	 50	0	15	14	 4	 2	 2	 3	 4	1	1	 0	1	0	0	1	1	0	0	0	0	0	0	0	0	1	#_11        
   37	1	1	0	0	1	 -1	 -1	 50	3	 5	 9	11	 5	 3	 2	 2	6	0	 1	0	0	2	0	0	0	1	0	0	0	0	0	0	0	#_12        
   38	1	1	0	0	1	 -1	 -1	 50	0	11	11	 7	 3	 5	 4	 4	2	0	 1	0	0	0	0	1	1	0	0	0	0	0	0	0	0	#_13        
   39	1	1	0	0	1	 -1	 -1	 50	2	 6	 9	 1	 8	 8	 6	 1	1	5	 0	1	0	0	2	0	0	0	0	0	0	0	0	0	0	#_14        
   40	1	1	0	0	1	 -1	 -1	 50	1	11	 7	 8	 4	 5	 5	 0	1	1	 3	1	1	1	0	0	0	0	0	0	1	0	0	0	0	#_15        
   41	1	1	0	0	1	 -1	 -1	 50	7	 5	12	 3	 8	 0	 2	 4	2	3	 1	0	1	0	1	0	0	1	0	0	0	0	0	0	0	#_16        
   42	1	1	0	0	1	 -1	 -1	 50	3	12	 5	 9	 3	 6	 0	 1	2	1	 0	2	3	2	0	1	0	0	0	0	0	0	0	0	0	#_17        
   43	1	1	0	0	1	 -1	 -1	 50	2	12	 8	 6	 7	 1	 7	 1	3	1	 0	0	0	1	0	0	1	0	0	0	0	0	0	0	0	#_18        
   44	1	1	0	0	1	 -1	 -1	 50	1	24	 1	 4	 2	 4	 2	 4	2	2	 0	1	0	0	2	0	0	0	0	0	0	1	0	0	0	#_19        
   45	1	1	0	0	1	 -1	 -1	 50	1	 1	17	 6	 9	 4	 4	 1	3	0	 1	2	0	0	1	0	0	0	0	0	0	0	0	0	0	#_20        
   46	1	1	0	0	1	 -1	 -1	 50	3	 5	 3	14	 2	 8	 5	 1	2	3	 0	0	0	0	1	1	2	0	0	0	0	0	0	0	0	#_21        
   47	1	1	0	0	1	 -1	 -1	 50	1	19	 7	 1	16	 0	 1	 2	1	0	 0	1	0	0	0	0	0	1	0	0	0	0	0	0	0	#_22        
   48	1	1	0	0	1	 -1	 -1	 50	1	14	14	 2	 0	12	 1	 2	0	0	 2	0	0	0	1	1	0	0	0	0	0	0	0	0	0	#_23        
   49	1	1	0	0	1	 -1	 -1	 50	3	 9	10	16	 2	 0	 3	 1	1	0	 0	1	1	1	1	0	0	0	0	0	0	1	0	0	0	#_24        
   50	1	1	0	0	1	 -1	 -1	 50	2	11	10	 5	 6	 1	 1	 8	0	2	 0	1	1	1	0	0	0	1	0	0	0	0	0	0	0	#_25        
   51	1	1	0	0	1	 -1	 -1	 50	2	17	 8	 9	 2	 7	 0	 0	3	0	 0	1	1	0	0	0	0	0	0	0	0	0	0	0	0	#_26        
   52	1	1	0	0	1	 -1	 -1	 50	0	 6	12	 7	 3	 3	10	 2	0	4	 0	0	0	2	0	0	0	1	0	0	0	0	0	0	0	#_27        
   53	1	1	0	0	1	 -1	 -1	 50	2	 7	 6	11	 6	 6	 5	 1	0	0	 2	1	1	0	1	0	1	0	0	0	0	0	0	0	0	#_28        
   54	1	1	0	0	1	 -1	 -1	 50	1	11	 8	 6	13	 3	 0	 2	2	1	 0	3	0	0	0	0	0	0	0	0	0	0	0	0	0	#_29        
   55	1	1	0	0	1	 -1	 -1	 50	4	 4	 4	 9	 4	 7	 5	 3	4	3	 1	0	1	0	0	0	1	0	0	0	0	0	0	0	0	#_30        
   56	1	1	0	0	1	 -1	 -1	 50	2	21	 7	 6	 4	 2	 4	 1	1	2	 0	0	0	0	0	0	0	0	0	0	0	0	0	0	0	#_31        
   57	1	1	0	0	1	 -1	 -1	 50	2	 9	14	 6	 3	 3	 1	 4	1	2	 2	1	1	0	0	0	1	0	0	0	0	0	0	0	0	#_32        
   58	1	1	0	0	1	 -1	 -1	 50	2	 8	10	12	 8	 5	 1	 0	1	0	 0	1	0	0	0	1	0	0	0	0	0	1	0	0	0	#_33        
   59	1	1	0	0	1	 -1	 -1	 50	3	10	 8	 3	11	 6	 3	 2	2	1	 1	0	0	0	0	0	0	0	0	0	0	0	0	0	0	#_34        
   60	1	1	0	0	1	 -1	 -1	 50	4	15	 8	 7	 5	 5	 1	 1	2	0	 0	0	0	0	0	0	0	0	0	1	0	0	0	1	0	#_35        
   61	1	1	0	0	1	 -1	 -1	 50	2	19	 8	 7	 4	 2	 4	 1	2	0	 1	0	0	0	0	0	0	0	0	0	0	0	0	0	0	#_36        
   62	1	1	0	0	1	 -1	 -1	 50	4	 5	20	 6	 2	 5	 2	 4	1	0	 1	0	0	0	0	0	0	0	0	0	0	0	0	0	0	#_37        
   63	1	1	0	0	1	 -1	 -1	 50	0	12	 9	12	 8	 2	 2	 3	0	1	 0	0	0	1	0	0	0	0	0	0	0	0	0	0	0	#_38        
   64	1	1	0	0	1	 -1	 -1	 50	2	12	10	 4	 9	 5	 1	 2	0	1	 1	1	1	0	0	1	0	0	0	0	0	0	0	0	0	#_39        
   65	1	1	0	0	1	 -1	 -1	 50	1	13	 5	 9	 3	 9	 4	 0	0	2	 0	0	0	1	0	2	0	0	0	1	0	0	0	0	0	#_40        
   66	1	1	0	0	1	 -1	 -1	 50	3	13	 6	 9	 4	 5	 6	 2	2	0	 0	0	0	0	0	0	0	0	0	0	0	0	0	0	0	#_41        
   67	1	1	0	0	1	 -1	 -1	 50	1	10	 9	 9	 6	 3	 3	 5	3	0	 1	0	0	0	0	0	0	0	0	0	0	0	0	0	0	#_42        
   68	1	1	0	0	1	 -1	 -1	 50	1	12	13	 5	 6	 1	 1	 4	3	2	 0	1	1	0	0	0	0	0	0	0	0	0	0	0	0	#_43        
   69	1	1	0	0	1	 -1	 -1	 50	0	 5	11	15	 3	 4	 3	 3	1	0	 1	1	0	2	0	0	1	0	0	0	0	0	0	0	0	#_44        
   70	1	1	0	0	1	 -1	 -1	 50	5	 8	 9	 4	 6	 4	 4	 1	2	1	 2	1	1	0	0	1	0	1	0	0	0	0	0	0	0	#_45        
   71	1	1	0	0	1	 -1	 -1	 50	1	15	10	10	 3	 2	 2	 2	0	2	 0	1	1	0	0	0	1	0	0	0	0	0	0	0	0	#_46        
   72	1	1	0	0	1	 -1	 -1	 50	5	10	10	 7	 4	 0	 5	 4	2	1	 0	1	0	1	0	0	0	0	0	0	0	0	0	0	0	#_47        
   73	1	1	0	0	1	 -1	 -1	 50	0	21	 2	 8	 7	 1	 4	 2	2	1	 0	1	0	1	0	0	0	0	0	0	0	0	0	0	0	#_48        
   74	1	1	0	0	1	 -1	 -1	 50	2	12	23	 3	 2	 2	 3	 1	2	0	 0	0	0	0	0	0	0	0	0	0	0	0	0	0	0	#_49        
   75	1	1	0	0	1	 -1	 -1	 50	0	19	 6	16	 2	 4	 1	 1	0	0	 0	1	0	0	0	0	0	0	0	0	0	0	0	0	0	#_50        
   76	1	1	0	0	1	 -1	 -1	 50	0	12	13	 3	11	 2	 3	 3	1	0	 1	0	0	1	0	0	0	0	0	0	0	0	0	0	0	#_51        
   77	1	1	0	0	1	 -1	 -1	 50	4	 8	 6	11	 4	11	 2	 2	0	1	 0	0	1	0	0	0	0	0	0	0	0	0	0	0	0	#_52        
   78	1	1	0	0	1	 -1	 -1	 50	0	10	10	 6	10	 0	 5	 4	3	1	 0	0	1	0	0	0	0	0	0	0	0	0	0	0	0	#_53        
   79	1	1	0	0	1	 -1	 -1	 50	3	14	11	 2	 8	 2	 0	 5	2	0	 2	0	0	0	0	0	0	0	0	1	0	0	0	0	0	#_54        
   80	1	1	0	0	1	 -1	 -1	 50	4	 8	15	 4	 1	 5	 3	 1	2	1	 3	0	1	0	1	0	1	0	0	0	0	0	0	0	0	#_55        
   81	1	1	0	0	1	 -1	 -1	 50	0	 8	 9	14	 2	 5	 0	 5	0	5	 0	0	1	1	0	0	0	0	0	0	0	0	0	0	0	#_56        
   82	1	1	0	0	1	 -1	 -1	 50	3	10	 9	 6	 7	 3	 0	 3	4	0	 2	1	0	1	0	0	0	0	0	0	0	0	0	1	0	#_57        
   83	1	1	0	0	1	 -1	 -1	 50	3	11	11	 5	 3	 2	 4	 5	0	1	 1	4	0	0	0	0	0	0	0	0	0	0	0	0	0	#_58        
   84	1	1	0	0	1	 -1	 -1	 50	2	15	10	 7	 2	 1	 2	 2	3	1	 2	1	2	0	0	0	0	0	0	0	0	0	0	0	0	#_59        
   85	1	1	0	0	1	 -1	 -1	 50	1	14	11	 5	 7	 5	 2	 1	1	0	 0	1	0	2	0	0	0	0	0	0	0	0	0	0	0	#_60        
   86	1	1	0	0	1	 -1	 -1	 50	2	12	14	 6	 4	 2	 5	 2	0	1	 0	0	0	0	2	0	0	0	0	0	0	0	0	0	0	#_61        
   87	1	1	0	0	1	 -1	 -1	 50	1	 9	 9	12	 2	 5	 5	 1	2	3	 0	0	0	1	0	0	0	0	0	0	0	0	0	0	0	#_62        
   88	1	1	0	0	1	 -1	 -1	 50	2	22	 4	 5	 9	 1	 2	 2	1	0	 0	0	2	0	0	0	0	0	0	0	0	0	0	0	0	#_63        
   89	1	1	0	0	1	 -1	 -1	 50	2	15	16	 3	 3	 4	 0	 3	1	0	 0	0	0	2	0	0	1	0	0	0	0	0	0	0	0	#_64        
   90	1	1	0	0	1	 -1	 -1	 50	0	13	14	 8	 2	 3	 3	 3	1	0	 0	0	1	0	0	0	0	0	0	1	1	0	0	0	0	#_65        
   91	1	1	0	0	1	 -1	 -1	 50	0	 9	 5	16	 9	 3	 3	 3	0	2	 0	0	0	0	0	0	0	0	0	0	0	0	0	0	0	#_66        
   92	1	1	0	0	1	 -1	 -1	 50	3	 8	 1	 8	15	 8	 3	 2	1	0	 0	0	1	0	0	0	0	0	0	0	0	0	0	0	0	#_67        
   93	1	1	0	0	1	 -1	 -1	 50	3	 8	 5	 6	 6	12	 4	 0	0	2	 0	1	1	1	0	0	1	0	0	0	0	0	0	0	0	#_68        
   94	1	1	0	0	1	 -1	 -1	 50	4	 8	12	 3	 4	 3	 7	 5	0	1	 2	1	0	0	0	0	0	0	0	0	0	0	0	0	0	#_69        
   96	1	1	0	0	1	 -1	 -1	 50	1	21	 8	 7	 2	 2	 1	 2	2	2	 0	1	0	0	0	1	0	0	0	0	0	0	0	0	0	#_70        
   97	1	1	0	0	1	 -1	 -1	 50	2	10	 9	 4	 3	 6	 2	 2	3	5	 1	0	1	1	1	0	0	0	0	0	0	0	0	0	0	#_71        
   98	1	1	0	0	1	 -1	 -1	 50	5	10	 8	 6	 3	 3	 5	 3	3	1	 2	0	0	0	1	0	0	0	0	0	0	0	0	0	0	#_72        
   99	1	1	0	0	1	 -1	 -1	 50	4	17	 9	 1	 6	 3	 1	 1	1	1	 1	2	1	1	0	1	0	0	0	0	0	0	0	0	0	#_73        
   62	1	2	0	0	1	 -1	 -1	100	0	20	39	12	 6	 6	 6	 4	0	3	 0	0	3	0	0	0	1	0	0	0	0	0	0	0	0	#_74        
   64	1	2	0	0	1	 -1	 -1	100	0	20	19	12	20	 6	 4	 4	4	4	 1	2	1	0	1	0	0	1	1	0	0	0	0	0	0	#_75        
   66	1	2	0	0	1	 -1	 -1	100	2	22	29	15	 9	 6	 8	 3	0	0	 2	0	0	0	1	0	1	1	1	0	0	0	0	0	0	#_76        
   68	1	2	0	0	1	 -1	 -1	100	2	25	20	16	 9	 4	 5	 2	9	3	 3	1	0	0	0	0	0	0	0	1	0	0	0	0	0	#_77        
   70	1	2	0	0	1	 -1	 -1	100	1	30	22	10	12	 5	 4	 4	5	2	 1	1	0	1	0	1	0	1	0	0	0	0	0	0	0	#_78        
   72	1	2	0	0	1	 -1	 -1	100	1	18	31	12	15	 4	 6	 2	2	1	 1	2	3	1	0	0	0	0	0	0	0	0	0	0	1	#_79        
   74	1	2	0	0	1	 -1	 -1	100	1	 9	42	10	19	 7	 3	 3	0	1	 2	1	1	1	0	0	0	0	0	0	0	0	0	0	0	#_80        
   76	1	2	0	0	1	 -1	 -1	100	0	16	31	 5	22	 2	 8	 2	1	2	 3	2	3	2	0	0	0	0	0	1	0	0	0	0	0	#_81        
   78	1	2	0	0	1	 -1	 -1	100	0	17	14	11	21	 1	18	 5	3	4	 1	0	1	1	2	0	0	0	1	0	0	0	0	0	0	#_82        
   80	1	2	0	0	1	 -1	 -1	100	0	29	23	15	 6	 2	 9	 2	7	2	 2	1	1	1	0	0	0	0	0	0	0	0	0	0	0	#_83        
   82	1	2	0	0	1	 -1	 -1	100	1	23	11	11	17	10	 2	 3	4	1	11	1	3	1	0	0	0	0	0	0	1	0	0	0	0	#_84        
   84	1	2	0	0	1	 -1	 -1	100	1	27	21	16	 4	 8	 8	 5	0	3	 3	0	1	1	2	0	0	0	0	0	0	0	0	0	0	#_85        
   86	1	2	0	0	1	 -1	 -1	100	0	17	36	11	 9	 7	 3	 3	3	2	 2	3	2	0	0	1	0	1	0	0	0	0	0	0	0	#_86        
   88	1	2	0	0	1	 -1	 -1	100	1	48	 7	 4	14	10	 5	 3	1	0	 0	0	1	2	0	0	0	1	0	0	3	0	0	0	0	#_87        
   90	1	2	0	0	1	 -1	 -1	100	0	23	26	20	 7	 4	 8	 0	7	2	 2	0	1	0	0	0	0	0	0	0	0	0	0	0	0	#_88        
   92	1	2	0	0	1	 -1	 -1	100	1	13	16	13	20	11	 4	 4	4	4	 5	1	1	1	1	0	0	0	0	0	1	0	0	0	0	#_89        
   94	1	2	0	0	1	 -1	 -1	100	0	18	18	10	11	 9	14	10	2	2	 2	3	1	0	0	0	0	0	0	0	0	0	0	0	0	#_90        
   96	1	2	0	0	1	 -1	 -1	100	0	35	11	16	12	 6	 4	 4	4	2	 2	2	0	1	0	0	0	0	1	0	0	0	0	0	0	#_91        
   98	1	2	0	0	1	 -1	 -1	100	1	21	13	23	 9	13	 5	 6	1	2	 0	2	1	0	0	1	1	1	0	0	0	0	0	0	0	#_92        
  100	1	2	0	0	1	 -1	 -1	100	1	29	32	16	 2	 9	 1	 2	1	1	 0	1	3	1	1	0	0	0	0	0	0	0	0	0	0	#_93        
   95	1	1	0	0	1	 41	 41	  1	0	 1	 0	 0	 0	 0	 0	 0	0	0	 0	0	0	0	0	0	0	0	0	0	0	0	0	0	0	#_811       
   95	1	1	0	0	1	 47	 47	  7	0	 7	 0	 0	 0	 0	 0	 0	0	0	 0	0	0	0	0	0	0	0	0	0	0	0	0	0	0	#_831       
   95	1	1	0	0	1	 50	 50	  3	0	 2	 1	 0	 0	 0	 0	 0	0	0	 0	0	0	0	0	0	0	0	0	0	0	0	0	0	0	#_841       
   95	1	1	0	0	1	 62	 62	  1	0	 0	 1	 0	 0	 0	 0	 0	0	0	 0	0	0	0	0	0	0	0	0	0	0	0	0	0	0	#_881       
   95	1	1	0	0	1	 65	 65	  5	0	 0	 4	 1	 0	 0	 0	 0	0	0	 0	0	0	0	0	0	0	0	0	0	0	0	0	0	0	#_891       
   95	1	1	0	0	1	 74	 74	  1	0	 0	 0	 1	 0	 0	 0	 0	0	0	 0	0	0	0	0	0	0	0	0	0	0	0	0	0	0	#_921       
   95	1	1	0	0	1	 83	 83	  5	0	 0	 0	 2	 1	 1	 0	 1	0	0	 0	0	0	0	0	0	0	0	0	0	0	0	0	0	0	#_95        
   95	1	1	0	0	1	 95	 95	  2	0	 0	 0	 1	 0	 0	 0	 0	1	0	 0	0	0	0	0	0	0	0	0	0	0	0	0	0	0	#_99        
   95	1	1	0	0	1	 98	 98	  2	0	 0	 0	 0	 0	 0	 0	 2	0	0	 0	0	0	0	0	0	0	0	0	0	0	0	0	0	0	#_100       
   95	1	1	0	0	1	107	107	  2	0	 0	 0	 0	 0	 0	 0	 1	1	0	 0	0	0	0	0	0	0	0	0	0	0	0	0	0	0	#_103       
   95	1	1	0	0	1	110	110	  1	0	 0	 0	 0	 0	 0	 1	 0	0	0	 0	0	0	0	0	0	0	0	0	0	0	0	0	0	0	#_104       
  100	1	1	0	0	1	 32	 32	  1	1	 0	 0	 0	 0	 0	 0	 0	0	0	 0	0	0	0	0	0	0	0	0	0	0	0	0	0	0	#_123       
  100	1	1	0	0	1	 47	 47	  5	0	 5	 0	 0	 0	 0	 0	 0	0	0	 0	0	0	0	0	0	0	0	0	0	0	0	0	0	0	#_128       
  100	1	1	0	0	1	 50	 50	  3	0	 3	 0	 0	 0	 0	 0	 0	0	0	 0	0	0	0	0	0	0	0	0	0	0	0	0	0	0	#_129       
  100	1	1	0	0	1	 53	 53	  2	0	 1	 1	 0	 0	 0	 0	 0	0	0	 0	0	0	0	0	0	0	0	0	0	0	0	0	0	0	#_130       
  100	1	1	0	0	1	 65	 65	  2	0	 0	 2	 0	 0	 0	 0	 0	0	0	 0	0	0	0	0	0	0	0	0	0	0	0	0	0	0	#_134       
  100	1	1	0	0	1	 68	 68	  2	0	 0	 2	 0	 0	 0	 0	 0	0	0	 0	0	0	0	0	0	0	0	0	0	0	0	0	0	0	#_135       
  100	1	1	0	0	1	 74	 74	  2	0	 0	 1	 1	 0	 0	 0	 0	0	0	 0	0	0	0	0	0	0	0	0	0	0	0	0	0	0	#_137       
  100	1	1	0	0	1	 77	 77	  1	0	 0	 0	 1	 0	 0	 0	 0	0	0	 0	0	0	0	0	0	0	0	0	0	0	0	0	0	0	#_138       
  100	1	1	0	0	1	 80	 80	  1	0	 0	 0	 0	 0	 1	 0	 0	0	0	 0	0	0	0	0	0	0	0	0	0	0	0	0	0	0	#_139       
  100	1	1	0	0	1	 83	 83	  3	0	 0	 0	 1	 1	 1	 0	 0	0	0	 0	0	0	0	0	0	0	0	0	0	0	0	0	0	0	#_140       
  100	1	1	0	0	1	 86	 86	  1	0	 0	 0	 0	 0	 0	 1	 0	0	0	 0	0	0	0	0	0	0	0	0	0	0	0	0	0	0	#_141       
  100	1	1	0	0	1	 89	 89	  1	0	 0	 0	 0	 0	 1	 0	 0	0	0	 0	0	0	0	0	0	0	0	0	0	0	0	0	0	0	#_142       
  100	1	1	0	0	1	 95	 95	  1	0	 0	 0	 0	 0	 1	 0	 0	0	0	 0	0	0	0	0	0	0	0	0	0	0	0	0	0	0	#_144       
  100	1	1	0	0	1	101	101	  2	0	 0	 0	 0	 0	 0	 0	 0	2	0	 0	0	0	0	0	0	0	0	0	0	0	0	0	0	0	#_146       
  100	1	1	0	0	1	107	107	  1	0	 0	 0	 0	 0	 1	 0	 0	0	0	 0	0	0	0	0	0	0	0	0	0	0	0	0	0	0	#_148       
  100	1	1	0	0	1	110	110	  1	0	 0	 0	 0	 0	 0	 0	 0	0	0	 0	0	0	0	0	1	0	0	0	0	0	0	0	0	0	#_149       
  100	1	1	0	0	1	119	119	  1	0	 0	 0	 0	 0	 0	 0	 0	0	0	 1	0	0	0	0	0	0	0	0	0	0	0	0	0	0	#_152       
-9999	0	0	0	0	0	  0	  0	  0	0	 0	 0	 0	 0	 0	 0	 0	0	0	 0	0	0	0	0	0	0	0	0	0	0	0	0	0	0	#_terminator
#
#_MeanSize_at_Age_obs
0 #_use_MeanSize_at_Age_obs
0 #_N_environ_variables
0 #_N_sizefreq_methods
0 #_do_tags
0 #_morphcomp_data
0 #_use_selectivity_priors
#
999
